³a;16793;12;0;
³admiss;16793;12;0;
³age;16793;12;0;
³an;16793;12;0;
³ani;16793;12;0;
³annoying²;16793;35;0;
³annoy²;16793;12;0;
³belittling²;16793;12;0;
³bi;16793;12;0;
³bookstor;16793;12;0;
³both;16793;12;0;
³censorship²;16793;18;0;
³chang;16793;12;0;
³clean;16793;20;0;
³clean²;16793;14;0;
³commun;16793;12;0;
³congress;16793;12;0;
³content²;16793;12;0;
³decis;16793;12;0;
³did;16793;12;0;
³dirty²;16793;35;0;
³draftsman²;16793;12;0;
³editori;16793;12;0;
³electron;16793;13;0;
³essenti;16793;12;0;
³even;16793;12;0;
³exactli;16793;12;0;
³exercis;16793;12;0;
³fall;16793;23;0;
³famili;16793;12;0;
³foreman²;16793;12;0;
³frequented²;16793;12;0;
³ha;16793;36;0;
³had;16793;12;0;
³harass;16793;12;0;
³harassing²;16793;23;0;
³harass²;16793;12;0;
³harm;16793;24;0;
³hostil;16793;36;0;
³in;16793;12;0;
³indec;16793;12;0;
³indecent²;16793;12;0;
³indecent²word;16793;12;0;
³inform;16793;24;0;
³intent;16793;12;0;
³intrus;16793;12;0;
³irish;16793;12;0;
³lectur;16793;12;0;
³legitimate²;16793;24;0;
³less;16793;19;0;
³letitthroughunlessit;16793;12;0;
³lower;16793;12;0;
³lurkers²;16793;12;0;
³marketplac;16793;3;0;
³may;16793;12;0;
³more;16793;12;0;
³narrowli;16793;12;0;
³nationalorigin;16793;12;0;
³neither;16793;12;0;
³nigger²;16793;12;0;
³no;16793;24;0;
³noon;16793;12;0;
³not;16793;20;0;
³notori;16793;12;0;
³oh;16793;12;0;
³on;16793;12;0;
³or;16793;24;0;
³permit;16793;24;0;
³pictur;16793;12;0;
³places²;16793;12;0;
³pornography²;16793;12;0;
³posts²;16793;12;0;
³prodigi;16793;12;0;
³public;16793;24;0;
³publisher²;16793;12;0;
³rather;16793;12;0;
³reasonable²;16793;12;0;
³reduc;16793;12;0;
³remark;16793;12;0;
³repeat;16793;12;0;
³requir;16793;24;0;
³sever;16793;12;0;
³sexual;16793;12;0;
³shield;16793;12;0;
³show;16793;12;0;
³signal;16793;12;0;
³so;16793;12;0;
³speaker²;16793;12;0;
³speaking²;16793;12;0;
³suffici;16793;12;0;
³take;16793;12;0;
³the;16793;154;0;
³under;16793;12;0;
³use;16793;12;0;
³voluntary²;16793;16;0;
³when;16793;12;0;
³with;16793;36;0;
³x;16793;12;0;
³you;16793;12;0;
³your;16793;24;0;
³è;22860;1;1;
³óàå;22860;1;1;
µ;139;9;0;508;6;0;526;12;0;602;6;0;1031;6;0;9080;1;0;9229;1;0;13709;2;0;
µ1;13709;3;0;
µ2;13709;3;0;
µ3;13709;1;0;
µampsmit;3256;1;0;
µgml;852;1;0;
µitron;14913;1;0;18667;4;4;
µk;219;6;0;
µuml;852;1;0;
¹;22860;1;1;
¹æ¾î;22860;2;2;
¹ð²;22860;1;1;
º;404;12;0;528;12;0;667;12;0;1180;6;0;
ºe;404;3;0;528;3;0;667;3;0;
ºìç;22860;2;2;
¼;705;3;0;9080;1;0;9229;1;0;
¼³ê;22860;1;1;
¼ó¼º;22860;1;1;
¼öæàû;22860;1;1;
¼öæàû¼à²;22860;1;1;
¼öçø;22860;1;1;
½;404;3;0;528;3;0;667;3;0;9080;1;0;9229;1;0;17149;1;0;17849;3;0;30324;1;0;32660;3;0;34714;2;2;
½º;22860;1;1;
½ºå³;22860;1;1;
½ãàû;22860;1;1;
½öë;22860;1;1;
¾;95;3;0;404;12;0;528;12;0;667;12;0;705;3;0;756;3;0;
¾¹ð²;22860;1;1;
¾æàìåû;22860;2;2;
¾æàìç;22860;2;2;
¾ç;22860;1;1;
¾ëáö;22860;1;1;
¾ðö;22860;1;1;
ß;3190;1;0;
ßvector;13709;1;0;
à;11934;196;0;20084;1;0;33863;107726;107726;
àå½äç;22860;1;1;
àåäð;22860;1;1;
á;16195;3;0;37290;1;1;
áfra;23243;1;0;
ágælan;11086;1;0;
álvarezmiranda;13683;1;0;
álvaro;15845;8;0;19864;1;0;
ávila;17282;9;0;32904;140;0;
áçõ¼;22860;1;1;
áýè¼ò;22860;1;1;
â;7;1;0;26;4;0;91;2;0;142;1;0;172;6;0;176;2;0;191;2;0;206;5;0;245;1;0;246;2;0;298;2;0;321;2;0;330;1;0;377;2;0;422;1;0;472;2;0;478;1;0;521;2;0;556;2;0;559;2;0;561;6;0;570;1;0;579;2;0;609;1;0;628;1;0;674;1;0;780;4;0;789;5;0;796;1;0;829;1;0;872;1;0;921;1;0;1020;2;0;1053;3;0;1113;1;0;1139;2;0;1167;12;0;2946;1;0;3422;1;1;3446;1;1;3449;1;1;3563;1;1;3576;1;1;3577;1;1;3692;1;1;3765;1;1;3777;1;1;3801;1;1;4008;1;1;4020;1;1;4076;1;1;4083;1;1;4121;1;1;4230;1;1;4526;1;0;4528;1;0;4565;1;0;4627;1;1;4634;1;1;4657;1;1;4663;1;1;4678;1;1;4694;1;1;4699;1;1;4711;1;1;4718;1;1;4730;1;1;4742;1;1;4746;1;1;4753;1;1;4758;1;1;4780;1;1;4791;1;1;4807;1;1;4823;1;1;4829;1;1;4832;1;1;4839;1;1;4858;1;1;4889;1;1;4915;1;1;4927;1;1;4936;1;1;4958;1;1;4963;1;1;4978;1;1;4991;1;1;5015;1;1;5018;1;1;5038;1;1;5051;1;1;5064;1;1;5085;1;1;5086;1;1;5091;1;1;5119;1;1;5148;1;1;5168;1;1;5196;1;1;5202;1;1;5224;1;1;5227;1;1;5231;1;1;5234;1;1;5251;1;1;5273;1;1;5274;1;1;5280;1;1;5309;1;1;5318;1;1;5319;1;1;5321;1;1;5355;1;1;5364;1;1;5394;1;1;5415;1;1;5419;1;1;5422;1;1;5458;1;1;5463;1;1;5467;1;1;5474;1;1;5479;1;1;5483;1;1;5491;1;1;5495;1;1;5497;1;1;5513;1;1;5518;1;1;5522;1;1;5526;1;1;5565;1;1;5568;1;1;5576;1;1;5588;1;1;5592;1;1;5594;1;1;5600;1;1;5618;1;1;5621;1;1;5638;1;1;5645;1;1;5655;1;1;5663;1;1;5678;1;1;5693;1;1;5694;1;1;5696;1;1;5703;1;1;5712;1;1;5746;1;1;5755;1;1;5757;1;1;5762;1;1;5769;1;1;5771;1;1;5777;1;1;5793;1;1;5795;1;1;5798;1;1;5799;1;1;5811;1;1;5839;1;1;5855;1;1;5879;1;1;5882;1;1;5895;1;1;5922;1;1;5929;1;1;5949;1;1;5961;1;1;5966;1;1;5981;1;1;6071;1;1;6074;1;1;6085;1;1;6088;1;1;6101;1;1;6107;1;1;6120;1;1;6121;1;1;6127;1;1;6147;1;1;6171;1;1;6196;1;1;6273;1;1;6276;1;1;6287;1;1;6300;1;1;6303;1;1;6307;1;1;6332;1;1;6378;1;1;6396;1;1;6415;1;1;6432;1;1;6436;1;1;6438;1;1;6453;1;1;6459;1;1;6473;1;1;6474;1;1;6483;1;1;6493;1;1;6494;1;1;6497;1;1;6514;1;1;6515;1;1;6519;1;1;6555;1;0;6638;3;0;6671;1;0;6672;1;0;6673;1;0;6674;1;0;7016;5;0;7022;1;0;7023;1;0;7027;1;0;7028;1;0;7030;1;0;7031;2;0;7034;2;0;7039;1;0;7044;3;0;7049;1;0;7052;1;0;7058;1;0;7062;6;0;7063;2;0;7066;2;0;7067;2;0;7069;1;0;7071;2;0;7081;1;0;7085;1;0;7091;10;0;7097;2;0;7101;2;0;7118;3;0;7123;1;0;7126;3;0;7130;2;0;7135;1;0;7136;1;0;7139;1;0;7146;1;0;7154;1;0;7155;1;0;7161;3;0;7171;3;0;7172;2;0;7180;7;0;7187;6;0;7192;1;0;7195;3;0;7200;5;0;7203;2;0;7205;7;0;7206;1;0;7213;8;0;7217;1;0;7234;1;0;7240;3;0;7255;10;0;7267;5;0;7287;1;0;7295;3;0;7296;3;0;7302;2;0;7306;1;0;7308;2;0;7312;2;0;7314;6;0;7318;2;0;7319;2;0;7332;1;0;7333;1;0;7340;1;0;7342;2;0;7345;1;0;7355;1;0;7361;4;0;7369;2;0;7394;1;0;7402;1;0;7410;2;0;7413;4;0;7429;3;0;7431;2;0;7433;1;0;7440;1;0;7442;2;0;7446;1;0;7447;1;0;7452;8;0;7454;1;0;7457;2;0;7466;2;0;7467;2;0;7472;1;0;7474;1;0;7477;4;0;7484;2;0;7488;7;0;7493;2;0;7503;1;0;7511;1;0;7512;1;0;7518;1;0;7521;3;0;7528;6;0;7545;1;0;7550;2;0;7553;1;0;7571;7;0;7574;1;0;7577;2;0;7578;1;0;7582;1;0;7583;5;0;7587;2;0;7588;1;0;7593;1;0;7604;1;0;7610;2;0;7612;3;0;7613;1;0;7623;2;0;7634;1;0;7636;1;0;7648;3;0;7653;1;0;7654;3;0;7655;1;0;7676;1;0;7696;5;0;7702;1;0;7709;4;0;7712;1;0;7719;2;0;7721;2;0;7727;3;0;7735;1;0;7737;2;0;7744;4;0;7752;1;0;7756;1;0;7760;1;0;7766;8;0;7768;1;0;7773;1;0;7776;3;0;7777;7;0;7780;3;0;7794;3;0;7797;3;0;7802;1;0;7811;2;0;7822;1;0;7824;1;0;7825;1;0;7827;1;0;7828;1;0;7835;5;0;7837;3;0;7849;1;0;7851;1;0;7854;7;0;7857;2;0;7859;1;0;7861;1;0;7862;2;0;7866;5;0;7869;2;0;7880;1;0;7885;2;0;7892;2;0;7897;7;0;7901;1;0;7902;1;0;7910;1;0;7917;2;0;7919;1;0;7927;2;0;7935;2;0;7942;1;0;7943;1;0;7947;1;0;7958;2;0;7959;1;0;7960;1;0;7963;1;0;7964;2;0;7966;1;0;7967;2;0;7970;4;0;7972;1;0;7973;1;0;7975;2;0;7980;3;0;7981;2;0;7984;1;0;7991;3;0;8001;1;0;8004;1;0;8006;1;0;8023;1;0;8044;1;0;8050;1;0;8057;1;0;8060;1;0;8065;3;0;8069;2;0;8070;1;0;8072;5;0;8083;8;0;8086;1;0;8089;1;0;8092;1;0;8098;2;0;8108;1;0;8112;1;0;8117;2;0;8118;4;0;8119;1;0;8121;1;0;8122;2;0;8123;1;0;8139;2;0;8140;1;0;8141;5;0;8147;1;0;8150;2;0;8151;1;0;8158;2;0;8165;1;0;8169;6;0;8184;2;0;8186;1;0;8190;1;0;8200;3;0;8201;1;0;8208;4;4;8212;1;0;8214;5;0;8222;2;0;8223;9;0;8234;2;0;8236;1;0;8239;1;0;8254;1;0;8263;2;0;8265;2;0;8280;8;0;8288;3;0;8294;1;0;8296;2;0;8302;2;0;8309;2;0;8320;1;0;8336;3;0;8346;8;0;8352;5;0;8362;1;0;8402;1;0;8406;2;0;8409;1;0;8422;1;0;8430;2;0;8438;1;0;8442;7;0;8450;2;0;8451;12;0;8454;1;0;8455;1;0;8459;1;0;8467;2;0;8468;3;0;8471;1;0;8476;2;0;8483;3;0;8484;1;0;8498;1;0;8504;5;0;8506;2;0;8519;2;0;8524;1;0;8545;1;0;8546;1;0;8547;1;0;8558;2;0;8563;4;0;8573;2;0;8575;1;0;8583;4;0;8588;1;0;8591;5;0;8592;2;0;8596;2;0;8601;2;0;8619;8;0;8637;1;0;8649;3;0;8651;2;0;8662;1;0;8676;2;0;8680;1;0;8682;1;0;8687;11;0;8693;1;0;8705;10;0;8713;7;0;8714;5;0;8722;1;0;8729;3;0;8732;3;0;8733;1;0;8734;1;0;8738;1;0;8765;1;0;8766;1;0;8768;1;0;8771;1;0;8939;1;0;9452;1;0;9510;1;0;9778;1;0;13908;17;0;14115;1;0;17716;4;0;19194;1;0;20433;1;0;22611;1;0;26376;1;1;28392;1;0;30928;1;0;34607;1;0;35886;1;0;
â0â;872;1;0;
â1;468;1;0;
â16g;934;1;0;
â18;595;1;0;
â19;15987;7;0;
â2010;805;1;0;
â220;1053;1;0;
â454;845;2;0;
â6g;934;1;0;
âalbumsâ;7187;1;0;
âanyâ;8214;1;0;
âautomat;382;1;0;
âaveragedelaytimepersecâ;478;1;0;
âbad;8294;1;0;
âbag;7528;2;0;
âbed;7302;1;0;
âbeyond;7572;1;0;7712;1;0;7895;1;0;
âbinari;8250;1;0;
âblobsâ;8414;1;0;
âbusinessmodel;7233;1;0;7889;1;0;
âc;382;4;0;749;1;0;924;1;0;934;1;0;
âcitizen;7897;1;0;
âclosedatâ;1139;2;0;
âcloserâ;8563;1;0;
âcolorâ;8600;1;0;
âcommerci;7488;1;0;
âcomput;7413;1;0;7627;1;0;7969;1;0;8409;1;0;
âcomputerâ;8682;1;0;
âcomputingâ;8682;1;0;
âconceptâ;8002;1;0;
âcondit;382;2;0;
âconnectivityâ;7213;1;0;
âcontextu;7218;1;0;
âcontrol;144;1;0;796;1;0;
âcoverâ;7676;1;0;
âcreationâ;7396;1;0;
âcreativeâ;7413;1;0;7976;1;0;8113;1;0;
âculturalâ;7075;1;0;
âdataâ;7341;1;0;7426;2;0;7629;1;0;7936;1;0;8529;1;0;
âdeeperâ;7255;1;0;
âdescriptionâ;7079;1;0;
âdetect;382;1;0;
âdirect;7031;1;0;
âdiscoverâ;7441;1;0;
âdisjointâ;7120;1;0;
âdisruptiveâ;7602;1;0;
âdmyyyy;703;1;0;
âdogâ;7302;3;0;8524;1;0;
âdogâwith;7302;1;0;
âessentialâ;7991;1;0;
âevent;7062;1;0;7709;2;0;
âeventorientsâ;7602;1;0;
âeventsâ;7602;1;0;7656;1;0;7885;1;0;
âeventâ;7034;1;0;7097;1;0;7885;1;0;8080;1;0;8388;1;0;
âexperienti;8618;1;0;
âexpressivenessâ;7187;1;0;
âfactorsâ;9299;1;0;
âfatherâ;7302;1;0;
âfeedsâ;7709;1;0;
âfeel;8285;1;0;
âfive;7712;1;0;
âfor;7593;1;0;
âfrozen;8687;1;0;
âfrozenâ;7709;1;0;
âfâ;8083;1;0;
âgalleryâ;7240;1;0;
âgdoâ;8524;1;0;
âgiveâ;7302;1;0;
âglobal;7512;1;0;
âglueâ;8713;2;0;
âgodâ;8524;1;0;
âgoodâ;7777;2;0;
âgrand;7302;1;0;
âhalf;7744;1;0;8214;1;0;8558;1;0;
âhole;7593;1;0;
âhonorari;8504;1;0;
âhuman;7324;1;0;
âi;7869;2;0;8139;1;0;8215;1;0;
âimprecisionâ;7255;1;0;
âinfiniteâ;7794;1;0;
âinformationâ;8524;1;0;
âingest;7602;1;0;
âinstancesâ;7187;1;0;
âinterestingâ;7203;1;0;7583;1;0;
âit116;16;1;0;
âiter;478;1;0;
âjointâ;8705;1;0;
âkodak;7907;1;0;
âlandmarksâ;7773;1;0;7862;1;0;7866;1;0;
âlatest;37381;1;0;
âlateâ;7062;1;0;
âletter;8592;1;0;
âlostbandwidthâ;478;1;0;
âmacroexperienceâ;8687;1;0;
âmemoriesâ;8687;1;0;
âmicroexperiencesâ;8687;1;0;
âminimum;796;1;0;
âmoiâ;7170;1;0;
âmomentsâ;7187;1;0;7484;1;0;7623;1;0;8651;1;0;8713;1;0;
âmomentâ;8118;1;0;
âmorningâ;7302;1;0;
âmother;7302;2;0;
âmotherâ;7302;2;0;
âmovement;172;1;0;
ân;16410;1;0;
ânormalâ;7917;1;0;
âobject;7021;1;0;
âobjectsâ;7885;1;0;
âobjectâ;7885;1;0;
âofficeâ;7302;1;0;
âogdâ;8524;1;0;
âontologyâ;7079;1;0;
âp;29572;1;0;
âpacket;478;4;0;
âpenâ;7484;1;0;
âpercentageoflostpcaketrateâ;478;1;0;
âproceedingsâ;7709;1;0;
âprofiletxtâ;382;1;0;
âprominentâ;8215;1;0;
âpublic;8592;1;0;
âpureâ;8681;1;0;
ârealâ;8713;1;0;
ârememberingâ;7286;1;0;7340;1;0;7779;1;0;8142;1;0;8215;1;0;8268;1;0;8680;1;0;
âresearchâ;7413;1;0;
âreservedbandwidthâ;478;7;0;
âresolvedatâ;1139;1;0;
âright;8651;2;0;
ârise;7206;1;0;7340;1;0;7402;1;0;7582;1;0;7947;1;0;8680;1;0;
âselect;7676;1;0;
âselfâ;7839;1;0;
âshallowâ;7255;1;0;
âshootshareforgetâ;7393;1;0;
âsignal;8074;1;0;
âsleep;7302;1;0;
âstand;8733;2;0;
âstandfast;423;1;0;
âstate;7636;1;0;
âstoriesâ;7582;1;0;
âsuspiciousâ;943;1;0;
âsymbol;8074;1;0;
âtagsâ;8412;1;0;
âtalkâ;8285;1;0;
âtataindicomâ;8280;1;0;
âteaâ;7429;1;0;
âtell;8546;1;0;
âthe;7409;1;0;7490;1;0;7595;1;0;7923;1;0;8223;1;0;
âthelabel;1053;1;0;
âthingâ;7583;1;0;
âtime;872;1;0;
âtimesâ;872;1;0;
âtracksâ;445;1;0;
âuncleâ;7302;1;0;
âunknown;1139;1;0;
âunnecessaryâ;8414;1;0;
âunstructureâ;7255;1;0;
âusedbandidthâ;478;1;0;
âusedbandwidthâ;478;1;0;
âvaâ;8083;1;0;
âvideo;7332;1;0;7743;1;0;8183;1;0;
âviewcastâ;8591;1;0;
âvisual;7187;1;0;
âvâ;8083;1;0;
âweak;7118;1;0;
âwhatyouget;8682;1;0;
âwhatâ;7494;1;0;
âwhoever;7636;1;0;
âwise;7696;1;0;
âwordâ;7528;1;0;
âyet;8072;1;0;
â²;525;1;0;
âºc;135;4;0;1020;3;0;
â½;8656;1;0;
ââ;309;3;0;609;5;0;943;1;0;8705;1;0;
âå;22860;1;1;
âœ;7636;1;0;
âœ000â;144;1;0;
âœ060â;144;1;0;
âœ0â;144;1;0;
âœ100â;144;1;0;
âœ10â;525;1;0;
âœ13210txtâ;525;1;0;
âœ132â;525;1;0;
âœ1â;144;2;0;796;1;0;
âœ2222â;144;1;0;
âœ22250â;144;1;0;
âœ6343â;144;1;0;
âœa;155;3;0;456;2;0;556;1;0;579;1;0;7139;1;0;7935;1;0;
âœaaâ;525;1;0;
âœadapt;628;1;0;
âœadoc;1028;2;0;
âœaeâ;525;1;0;
âœajaâ;525;1;0;
âœalessandro;706;1;0;
âœalgorhythmicâ;696;1;0;
âœand;8069;1;0;
âœansrâ;525;1;0;
âœathâ;525;1;0;
âœauthor;368;1;0;
âœautomat;172;1;0;
âœayaâ;525;1;0;
âœaâ;525;1;0;
âœbaâ;525;1;0;
âœbbâ;525;1;0;
âœbdâ;525;1;0;
âœbe;7193;1;0;7462;1;0;7937;1;0;8380;1;0;
âœbecaus;7045;1;0;
âœbhaâ;525;1;0;
âœbhmâ;525;1;0;
âœbhrâ;525;1;0;
âœbig;1189;1;0;
âœbjâ;525;1;0;
âœblâ;525;1;0;
âœboard1ã;144;1;0;
âœboard9ã;144;1;0;
âœbrrâ;525;1;0;
âœbut;8482;2;0;
âœbxgâ;525;1;0;
âœcariâ;525;1;0;
âœcayâ;525;1;0;
âœcaâ;525;1;0;
âœcbnâ;525;1;0;
âœccaâ;525;1;0;
âœcccâ;525;1;0;
âœccâ;525;1;0;
âœchannelsâ;7804;1;0;
âœcharacternam;525;1;0;
âœcharacterâ;525;1;0;
âœcitabilityâ;8426;1;0;
âœcitat;449;1;0;720;1;0;
âœcommerci;829;1;0;
âœcompar;799;2;0;
âœcomparison;537;2;0;
âœcomput;28623;1;0;
âœcomâ;943;1;0;
âœcoolâ;8727;1;0;
âœcounter;478;1;0;
âœcreat;6533;1;0;6535;1;0;
âœcurvesâ;246;2;0;
âœcxxyyzztxtâ;246;1;0;
âœdatatablepdfâ;525;1;0;
âœdaâ;525;1;0;
âœdbâ;525;1;0;
âœddhâ;525;1;0;
âœddâ;525;1;0;
âœdeep;322;2;0;
âœdescribingâ;7037;1;0;
âœdetect;45;1;0;
âœdevelop;559;2;0;
âœdghâ;525;1;0;
âœdgâ;525;1;0;
âœdhaâ;525;1;0;
âœdhraâ;525;1;0;
âœdhrrâ;525;1;0;
âœdid;7355;1;0;
âœdiesâ;390;1;0;
âœdigit;7521;1;0;8090;1;0;
âœdraâ;525;1;0;
âœdrrâ;525;1;0;
âœdsrâ;525;1;0;
âœduiâ;525;1;0;
âœdvâ;525;1;0;
âœdxaâ;525;1;0;
âœeeâ;525;1;0;
âœeffici;628;1;0;
âœekâ;525;1;0;
âœemad00011â;796;1;0;
âœemad00012â;796;1;0;
âœemad0011â;796;1;0;
âœemad0012â;796;1;0;
âœemad011â;796;1;0;
âœemad012â;796;1;0;
âœemai00011â;796;1;0;
âœemai00012â;796;1;0;
âœemai0011â;796;1;0;
âœemai0012â;796;1;0;
âœemai011â;796;1;0;
âœemai012â;796;1;0;
âœemerg;8448;1;0;
âœemg;789;1;0;
âœendcharact;525;1;0;
âœescap;8032;1;0;
âœevalu;70;2;0;426;2;0;
âœexplor;7712;1;0;
âœeâ;525;1;0;
âœfactor;1055;1;0;
âœfanreadingâ;144;1;0;
âœfansetpointâ;144;1;0;
âœfirst;433;1;0;
âœfkâ;525;1;0;
âœfnâ;525;1;0;
âœfpâ;525;1;0;
âœfrct;172;1;0;
âœfreelyâ;7446;1;0;
âœfrontalâ;780;3;0;
âœftâ;525;1;0;
âœgaâ;525;1;0;
âœgdhâ;525;1;0;
âœggnâ;525;1;0;
âœgguâ;525;1;0;
âœghaâ;525;1;0;
âœghnâ;525;1;0;
âœghrâ;525;1;0;
âœglâ;525;1;0;
âœgmâ;525;1;0;
âœgnâ;525;1;0;
âœgo;8004;1;0;
âœgrown;8657;1;0;
âœgrowth;433;1;0;
âœgrâ;525;1;0;
âœhaâ;525;1;0;
âœhnâ;525;1;0;
âœhowev;7891;1;0;
âœhrrâ;525;1;0;
âœhrâ;525;1;0;
âœi;7045;1;0;7172;1;0;7441;1;0;7580;1;0;7715;1;0;7756;1;0;7935;1;0;8147;1;0;8374;1;0;8507;1;0;
âœid;525;1;0;
âœimprov;789;1;0;
âœin;7446;1;0;
âœindustri;799;1;0;
âœinfectâ;7657;1;0;
âœit;7869;1;0;
âœitâ;8359;1;0;8546;1;0;8684;1;0;
âœiâ;525;1;0;
âœiâm;7045;1;0;7580;1;0;8374;1;0;8507;1;0;
âœjaâ;525;1;0;
âœjbâ;525;1;0;
âœjhaâ;525;1;0;
âœjjbâ;525;1;0;
âœjjâ;525;1;0;
âœjournalâ;8426;1;0;
âœjrâ;525;1;0;
âœkaâ;525;1;0;
âœkhaâ;525;1;0;
âœkhrâ;525;1;0;
âœkhyaâ;525;1;0;
âœkkâ;525;1;0;
âœklâ;525;1;0;
âœkmâ;525;1;0;
âœkrâ;525;1;0;
âœksâ;525;1;0;
âœktaâ;525;1;0;
âœkttâ;525;1;0;
âœktâ;525;1;0;
âœlaâ;525;1;0;
âœlbâ;525;1;0;
âœldâ;525;1;0;
âœleftâ;304;1;0;
âœlegitimateâ;943;1;0;
âœlgâ;525;1;0;
âœlinear;959;2;0;
âœlinesâ;246;2;0;
âœlivesâ;390;1;0;
âœlkâ;525;1;0;
âœllâ;525;1;0;
âœlmâ;525;1;0;
âœlong;7610;1;0;
âœlookingleftâ;780;3;0;
âœlookingrightâ;780;3;0;
âœlpâ;525;1;0;
âœltâ;525;1;0;
âœlxxzztxtâ;246;1;0;
âœmarsya;405;1;0;
âœmaâ;525;1;0;
âœmbâ;525;1;0;
âœmcf1readâ;144;2;0;
âœmcf1setpointâ;144;1;0;
âœmcf3setpointâ;144;1;0;
âœmdaâ;525;1;0;
âœmddâ;525;1;0;
âœmdhaâ;525;1;0;
âœmeaningâ;7037;1;0;
âœmfâ;525;1;0;
âœmlâ;525;1;0;
âœmmâ;525;1;0;
âœmnaâ;525;1;0;
âœmndâ;525;1;0;
âœmnthâ;525;1;0;
âœmntxtâ;525;1;0;
âœmnâ;525;1;0;
âœmodernâ;7819;1;0;
âœmonet;7724;1;0;
âœmpâ;525;1;0;
âœmrrâ;525;1;0;
âœmtaâ;525;1;0;
âœmthaâ;525;1;0;
âœmultipl;8090;1;0;
âœmultisourc;372;2;0;
âœmvâ;525;1;0;
âœmxaâ;525;1;0;
âœmâ;525;1;0;
âœnaaâ;525;1;0;
âœnaâ;525;1;0;
âœnaâattribut;217;1;0;
âœnbâ;525;1;0;
âœnddâ;525;1;0;
âœndhâ;525;1;0;
âœnew;986;1;0;
âœngcâ;525;1;0;
âœnggâ;525;1;0;
âœnghâ;525;1;0;
âœngjâ;525;1;0;
âœngkhâ;525;1;0;
âœngkâ;525;1;0;
âœngnâ;525;1;0;
âœngram;368;1;0;
âœngâ;525;1;0;
âœniyaâ;525;1;0;
âœnkhâ;525;1;0;
âœnmmâ;525;1;0;
âœnmâ;525;1;0;
âœnnnâ;525;1;0;
âœnnâ;525;1;0;
âœnonlinear;986;1;0;
âœnsâ;525;1;0;
âœnthâ;525;1;0;
âœntrâ;525;1;0;
âœnttâ;525;1;0;
âœntâ;525;1;0;
âœnumberâ;525;1;0;
âœnuswid;7446;1;0;
âœnvp;28392;1;0;
âœnâ;525;1;0;704;1;0;
âœobject;986;3;0;
âœoiâ;525;1;0;
âœold;7636;1;0;
âœon;674;1;0;
âœonlineâ;525;1;0;
âœoptionalâ;934;1;0;
âœorigin;770;1;0;
âœouâ;525;1;0;
âœoâ;525;1;0;
âœp7â;144;1;0;
âœpacâ;525;1;0;
âœpamap2;934;2;0;
âœpaâ;525;1;0;
âœpendownâ;525;3;0;
âœpenupâ;525;3;0;
âœperform;604;1;0;977;2;0;
âœphaâ;525;1;0;
âœphishyâ;943;1;0;
âœphysiobank;505;1;0;
âœpivot;7446;1;0;
âœplâ;525;1;0;
âœpnâ;525;1;0;
âœpractic;7719;1;0;7892;1;0;7942;1;0;8122;1;0;
âœprogrammingâ;7201;1;0;7303;1;0;7804;1;0;
âœprotocolâ;934;1;0;
âœprrâ;525;1;0;
âœpsâ;525;1;0;
âœpttâ;525;1;0;
âœpython;872;1;0;
âœqjâ;525;1;0;
âœr;801;1;0;
âœraâ;525;1;0;
âœread;144;1;0;
âœreal;200;2;0;7193;1;0;
âœreeâ;525;1;0;
âœrightâ;304;1;0;
âœrrgâ;525;1;0;
âœrâ;144;1;0;
âœsbâ;525;1;0;
âœscannedâ;872;1;0;
âœscâ;525;1;0;
âœsecond;7973;1;0;
âœsegment;770;1;0;
âœsemg;789;1;0;
âœsemisupervis;1028;2;0;
âœsimilar;8448;2;0;
âœskhâ;525;1;0;
âœskâ;525;1;0;
âœslâ;525;1;0;
âœsmâ;525;1;0;
âœsnâ;525;1;0;
âœsort;751;1;0;
âœsound;977;2;0;
âœsphâ;525;1;0;
âœsportsâ;7037;1;0;
âœspâ;525;1;0;
âœssbâ;525;1;0;
âœssmâ;525;1;0;
âœssnâ;525;1;0;
âœssthâ;525;1;0;
âœstatu;588;2;0;
âœsthâ;525;1;0;
âœstoke;7804;1;0;
âœstrokecount;525;1;0;
âœstrokeâ;525;2;0;
âœstylusstateâ;525;5;0;
âœstâ;525;1;0;
âœsunyaâ;525;1;0;
âœswellingâ;7437;1;0;
âœsynthet;377;1;0;
âœtaâ;525;1;0;
âœtbâ;525;1;0;
âœthatâ;8359;1;0;
âœthaâ;525;1;0;
âœthbâ;525;1;0;
âœthe;7335;1;0;8330;1;0;8495;1;0;8546;1;0;8604;1;0;
âœthen;7045;1;0;7715;1;0;
âœthere;8604;1;0;
âœthi;8480;1;0;
âœtiniâ;525;1;0;
âœtmâ;525;1;0;
âœtnâ;525;1;0;
âœtoluene200â;144;1;0;
âœtolueneâ;144;1;0;
âœtoward;8090;1;0;
âœtoâ;811;1;0;
âœtrain;449;1;0;
âœtrrâ;525;1;0;
âœtruâ;525;1;0;
âœtrâ;525;1;0;
âœtsrâ;525;1;0;
âœttbâ;525;1;0;
âœtthâ;525;1;0;
âœttpptxtâ;246;1;0;
âœtttâ;525;1;0;
âœttâ;525;1;0;
âœtxaâ;525;1;0;
âœtâ;144;1;0;
âœuse;1057;1;0;
âœusergener;7735;1;0;7806;1;0;8519;1;0;
âœuuâ;525;1;0;
âœuâ;525;1;0;
âœvideoshar;7635;1;0;7805;1;0;8672;1;0;
âœviewerâ;7193;1;0;
âœwaâ;525;1;0;
âœwe;7636;1;0;8178;1;0;
âœweb;7614;1;0;8128;1;0;8482;1;0;
âœweâv;7869;1;0;
âœwhatâ;7494;1;0;
âœxatâ;525;1;0;
âœxmâ;525;1;0;
âœxnâ;525;1;0;
âœyou;827;2;0;
âœyour;7636;1;0;
âœâ;745;1;0;
âœîr1â;796;2;0;
âœîr2â;796;2;0;
âƒ;217;2;0;
âˆ;875;1;0;
ã;92;1;0;144;3;0;525;1;0;796;1;0;3170;1;0;3226;2;0;22860;1;1;23113;3;0;
ãrã¼ntã¼lerinin;265;1;0;
ãzcan;556;1;0;579;1;0;
ãzdemir;45;1;0;
ãââ;7138;1;0;
ãââif;7138;1;0;
ãââãââ;7138;1;0;
ãââœ;7269;3;0;7504;6;0;8434;6;0;8659;5;0;
ãâåan;962;2;0;
ãâåand;7678;1;0;
ãâåbut;7678;1;0;
ãâåcozi;7678;1;0;
ãâådog;7678;1;0;
ãâåfrom;7678;1;0;
ãâåfuzzi;962;2;0;
ãâåhe;7504;1;0;
ãâåi;7678;1;0;
ãâåour;7678;1;0;
ãâåreal;962;2;0;
ãâëœblobsãââ;8659;1;0;
ãâëœlong;8659;1;0;
ãä;17;1;0;
ãìàå;22860;1;1;
ãžledefr;472;1;0;
ä;786;3;0;7213;1;0;23669;5;0;
äliåÿkin;467;2;0;
äªèí;22860;1;1;
å;509;39;0;
århu;36410;1;0;
åº¼ºé;22860;1;1;
åâµµ;22860;1;1;
åä;22860;1;1;
åšwiätek;1035;2;0;
æ;9080;1;0;9229;1;0;
æ¹á;22860;1;1;
æè;22860;1;1;
æýäé;22860;1;1;
ç;786;3;0;22860;1;1;
ça;17614;1;0;
çorlu;557;2;0;
ç³êë;22860;1;1;
ç½º;22860;1;1;
çàìáî;22860;1;1;
çàó;22860;1;1;
çã;22860;1;1;
çååí;22860;1;1;
çìºñ;22860;1;1;
çñ¼õë;22860;1;1;
çò¹è;22860;1;1;
çòå;22860;1;1;
çøó;22860;1;1;
èæàå;22860;1;1;
èæã¼ò;22860;1;1;
èê;22860;1;1;
èþèê;22860;1;1;
é;796;1;0;6691;3;0;6710;1;0;
échec;33863;2088;2088;
échoua;33863;355;0;
échoue;33863;733;0;
échouer;33863;4049;0;
échouera;33863;596;0;
échoueraient;33863;359;0;
échoué;33863;764;0;
échue;33863;1;0;
écoulé;33863;81;0;
écran;33863;63;0;
écrasant;33863;92;0;
écrase;33863;90;0;
écrasement;33863;441;0;
écraser;33863;336;0;
écrasé;33863;575;0;
écrit;33863;417;0;
écrite;33863;1152;0;
écritur;33863;1909;0;
éditer;33863;90;0;
édition;33863;62;0;
éditoriaux;33863;1;0;
édouard;11203;1;0;
égal;33863;942;0;
égale;33863;41;0;
également;33863;5644;0;
élabor;33863;411;0;
électroniqu;33863;24;0;
élement;19981;10;0;33863;359;0;
élevé;33863;26;0;
élément;33863;23382;23382;
élémentair;33863;59;0;
émet;33863;135;0;
émi;33863;347;0;
émile;15482;125;0;27225;35;0;
énaction;27837;1;0;
équipé;33863;368;0;
équival;33863;230;0;
équivalent;33863;418;0;
établi;33863;46;0;
établir;33863;55;0;
étaient;33863;4;0;
était;33863;3230;0;
étant;33863;3942;0;
étape;33863;411;0;
état;33863;5994;5994;
étendu;33863;28;0;
étude;20138;205;0;
été;33863;13997;0;
éventuel;33863;322;0;
évenuel;33863;359;0;
évitant;33863;94;0;
évite;33863;747;0;
éviter;33863;429;0;
évolué;33863;363;0;
être;33863;57083;0;
ëname;13372;1;0;
ënorth;20737;1;0;
ësearchí;13372;1;0;
ësexyí;29124;1;0;
ëstring;13372;1;0;
ëuí;20764;1;0;
ëáö;22860;1;1;
ëçë;22860;1;1;
ëë;22860;1;1;
ì500;32553;2;2;
ìabov;14945;1;0;
ìbox;20109;1;1;
ìcommon;13372;2;2;23055;1;1;25414;1;0;
ìcontinuousî;18423;2;2;
ìdataî;18142;2;2;
ìdonít;31369;1;0;
ìeverythingî;27991;2;2;
ìgeoî;20355;2;2;
ìgood;16844;1;1;22792;2;2;
ìi;31369;1;0;
ìinterpret;20737;4;4;
ìjoaní;14945;1;0;
ìjust;14945;1;0;
ìmcafeeî;22597;1;0;
ìmilitaryî;20109;1;1;
ìnaiî;22597;1;0;
ìnameî;18142;1;0;
ìownerî;22597;1;0;
ìplainî;33232;1;0;
ìprime;20764;1;0;
ìproblem;27591;2;2;
ìregisteredî;18423;2;2;
ìsituatedî;18423;1;0;
ìtake;22770;1;0;
ìthe;12084;2;2;
ìtodayí;14297;1;0;
ìtvî;18142;2;2;
ìwhat;24893;2;2;
ís;20109;1;1;
íå¾;22860;1;1;
î;796;7;0;
îr;796;5;0;
îr1;796;1;0;
îr16;796;2;0;
îr2;796;2;0;
î¼l;875;1;0;
î¼sec;231;1;0;
î¼t;934;1;0;
ï;7205;13;0;
ïeld;858;1;0;1084;3;0;
ïngerprint;1084;1;0;
ïngerprintingabstractdata;1084;1;0;
ï¼decimal023;1017;1;0;
ï¼ï¼binari;1017;1;0;
ï¼ï¼decim;1017;1;0;
ðÿ;2837;1;0;3329;1;0;6552;1;1;7119;1;0;7269;1;0;7294;1;0;7625;1;0;7821;1;0;7877;1;0;8051;1;0;8124;1;0;8339;1;0;8434;3;0;8456;1;0;8631;1;0;8650;1;0;9720;1;0;9882;1;0;
ðÿbest;3319;1;0;
ðÿcmleav;7692;1;0;
ðÿdear;8358;1;0;
ðÿgood;7939;1;0;
ðÿgrandchalleng;8644;1;0;
ðÿhad;8051;1;0;
ðÿhey;7939;1;0;
ðÿi;7403;1;0;7630;1;0;7678;1;0;7683;1;0;7868;1;0;8096;1;0;8579;1;0;
ðÿin;7164;1;0;
ðÿinde;8216;1;0;
ðÿit;7138;1;0;7647;1;0;
ðÿleav;7336;1;0;7741;1;0;7767;1;0;7788;1;0;7913;1;0;7939;1;0;8175;1;0;8255;1;0;8339;1;0;8465;1;0;8537;1;0;
ðÿnice;8748;1;0;
ðÿpingback;8659;1;0;
ðÿprize;9778;1;0;
ðÿramesh;8628;1;0;
ðÿregard;8574;1;0;
ðÿrelat;10059;1;0;
ðÿrumor;7504;1;0;
ðÿsanthosh;7877;1;0;
ðÿshare;10016;1;0;10064;1;0;
ðÿto;7879;1;0;
ðÿye;8685;1;0;
ðÿyou;8561;1;0;
ñ;20109;7;7;
ñäçççñ;71;3;0;
òtodoó;27511;2;0;
ó;22285;63;63;22860;1;1;
óscar;183;1;0;
ó½ºåí;22860;3;3;
óàìæ;22860;1;1;
ô;21371;2;2;
õn32;33494;1;0;
õn83;33620;1;0;
ö;3190;1;0;3226;1;0;6566;1;0;11952;1;0;12839;2;0;14164;1;0;14297;2;2;16624;5;0;17101;1;1;17374;3;3;20355;1;0;21088;4;0;21496;1;1;23745;1;1;26481;1;0;26767;2;2;28108;1;0;32533;2;2;36590;1;1;
öfrom;21984;2;2;
ögai;25477;2;0;36410;1;0;
ögai87;36410;2;0;
ögai89;36410;2;0;
ögaijourn;25477;5;0;
ömer;17428;5;0;
österr;25477;1;0;
österreich;13817;330;0;
österreichischen;25477;1;0;
özlem;17511;15;0;
öåë;22860;1;1;
ø;528;3;0;1124;6;0;1147;6;0;16904;2;0;21040;3;0;
øksendal;2371;1;0;
østerby;23539;1;0;30789;1;0;
ù;22860;1;1;
ü;786;3;0;3170;1;0;3190;1;0;3201;2;0;3209;1;0;
über;13817;294;294;27420;1;0;29618;2;0;30216;2;2;
überlassen;13817;10;0;
überlassung;13817;230;0;
überlassungen;13817;230;0;
übermitteln;13817;10;0;
übermittlung;13817;1036;1036;
übermittlungen;13817;749;0;
übersoci;27225;264;0;
übersolut;34494;1;0;
üngör;15256;70;0;19532;36;0;19937;370;0;24691;3;3;30582;29;0;31356;1;0;31723;11;0;32125;135;0;35679;262;0;
üäçççü;71;3;0;
þ;71;6;0;20109;1;1;
þag;16165;1;0;
þai;11086;3;0;
þat;11086;1;0;
þe;16165;2;0;
þer;16165;1;0;
þi;11086;1;0;
ćwiczeniami;17457;2;0;
ĝ;33494;2;0;
łącki;31343;1;0;
ş;6710;1;0;
živný;13683;1;0;
žunić;35208;1;0;
ɮ0;14570;2;0;
ˆ;27511;1;0;
α;10620;16;0;11921;10;0;11944;1;0;28162;3;0;28712;5;0;28796;4;0;29559;2;0;36071;3;0;
α0;10620;1;0;
α01;10620;1;0;
α1;10620;1;0;
αg;16318;2;0;
αn;29559;1;0;
αnk;15160;2;0;17446;2;0;19937;51;0;24730;5;0;31324;3;0;32125;11;0;33136;2;0;33918;3;0;35679;2;0;36026;2;0;
αβ;10620;2;0;11921;2;0;
αβγ;10620;1;0;11921;1;0;
β;10620;5;0;11921;9;0;11944;1;0;28712;5;0;36071;3;0;
β2;13537;1;0;
βb;11944;1;0;
βsn;13537;1;0;
γ;10620;1;0;11921;3;0;11944;2;0;23780;1;0;
γs1s2sn;11921;2;0;
δ;9097;1;0;9149;2;0;9154;1;0;9256;2;0;11944;2;0;23808;3;0;28712;1;0;29920;5;0;
δcomput;29920;1;0;
δregular;29920;2;0;
δthe;23808;1;0;
δψ;1230;1;1;1254;1;1;1264;1;1;1295;1;1;1301;1;1;1302;1;1;1320;1;1;1355;1;1;1367;1;1;1386;1;1;1403;1;1;1422;1;1;1425;1;1;1447;1;1;1484;1;1;1490;1;1;1493;1;1;1531;1;1;1542;1;1;1554;1;1;1569;1;1;1613;1;1;1615;1;1;1627;1;1;1641;1;1;1662;1;1;1686;1;1;1697;1;1;1713;1;1;1714;1;1;1737;1;1;1751;1;1;1752;1;1;1763;1;1;1769;1;1;1775;1;1;1808;1;1;1819;1;1;1823;1;1;1849;1;1;1857;1;1;1860;1;1;1888;1;1;1898;1;1;1899;1;1;1952;1;1;1990;1;1;1992;1;1;2005;1;1;2026;1;1;2029;1;1;2065;1;1;2082;1;1;2100;1;1;2108;1;1;2116;1;1;2170;1;1;2176;1;1;2206;1;1;2215;1;1;2243;1;1;2287;1;1;2317;1;1;2321;1;1;2342;1;1;2366;1;1;2382;1;1;2394;1;1;2397;1;1;2433;1;1;2435;1;1;2437;1;1;2440;1;1;2446;1;1;2464;1;1;2505;1;1;2506;1;1;2534;1;1;2545;1;1;2599;1;1;2607;1;1;2621;1;1;2622;1;1;2672;1;1;2679;1;1;2708;1;1;2719;1;1;2750;1;1;2752;1;1;2764;1;1;
ε;10620;1;0;11944;1;0;14175;1;0;18677;3;0;19423;1;0;19664;263;0;19750;14;0;19901;91;0;19937;558;0;20885;1;0;23152;248;0;29217;47;0;30815;68;0;30843;23;0;31363;3;0;32797;8;0;36489;2;0;
εapproxim;21339;1;0;21356;2;0;
εbcorrect;29217;1;0;
εclosur;23026;1;0;
εe;11944;1;0;
εjoin;32797;10;10;
εjoinintroduct;32797;1;0;
εn;22409;2;0;
εsecur;12826;1;0;
εἰπεῖν;25098;1;0;
ηn;11944;1;0;
θ;11944;1;0;12680;2;0;15029;9;0;16867;7;0;20584;42;0;26147;2;0;33958;11;0;35137;1;0;
θ1;12653;1;0;13040;5;0;13723;2;0;20040;1;0;21597;2;0;23832;8;0;30178;1;0;32455;1;0;33029;5;0;35137;2;0;36318;1;0;
θ1pushbackhow;21597;1;0;
θ2θθ12;23473;4;0;
θ5;23473;4;0;
θ9;23473;3;0;
θcx;23473;1;0;
θe;12653;2;0;
θh;12474;1;0;
θi;23473;2;0;
θj;23473;1;0;
θlg;14594;1;0;
θlog;13723;8;0;25330;2;0;29904;1;0;32158;2;0;33029;3;0;36318;1;0;
θlog10n;25330;1;0;
θlog2n;25330;1;0;
θm;32158;1;0;
θn;11832;1;0;12474;2;0;13040;1;0;18997;1;0;21597;2;0;29904;3;0;32158;11;0;32455;1;0;33029;13;0;
θn2;33029;7;0;
θn2the;33029;1;0;
θn2what;33029;1;0;
θnd2;24268;2;0;
θnfactori;32455;1;0;
θnpushbackwhil;21597;1;0;
θs;20584;10;0;
θv;12653;5;0;35137;4;0;
θv2;12653;3;0;35137;1;0;
θw;12474;1;0;
θwn;32158;2;0;
θxi;26147;1;0;
θy;23473;4;0;
θyx;23473;4;0;
θyθ1;23473;1;0;
θθ1;23473;2;0;
θθ12;23473;2;0;
θρg;21645;1;0;
ιi;11944;1;0;
κk;11944;1;0;
καὶ;25098;2;0;
λ;11872;150;0;11944;1;0;14054;98;0;14064;290;0;16317;24;0;18337;62;0;19664;518;0;19937;2194;0;22216;2;0;24562;4;0;27038;70;0;30815;234;0;32030;88;0;32125;340;0;32300;42;0;35679;1562;0;36018;110;0;
λ1;35707;1;0;
λa;35707;2;0;
λr;35707;1;0;
λv;22216;1;0;
μdroid;9008;1;0;9021;2;0;9022;1;0;9029;4;0;
νv;11944;1;0;
π;10740;4;0;17074;2;0;18788;5;0;35494;12;12;
π180;20584;4;0;
π26;12774;1;0;
πempid;21968;2;0;
πempnam;21968;1;0;
πrestciti;21968;1;0;
πrestid;21968;6;0;
περὶ;25098;2;0;
πρῶτον;25098;1;0;
ρ;21645;1;0;
ρg;21645;1;0;
ρgpop;21645;1;0;
ρp;11944;1;0;
σ;10740;4;0;11944;1;0;20082;2;0;21372;6;0;30510;2;0;
σcuisin;21968;1;0;
σreststat;21968;1;0;
σthedat;21968;2;0;
σκέψις;25098;1;0;
τt;11944;1;0;
τί;25098;1;0;
τίνος;25098;1;0;
υu;11944;1;0;
φ;11944;2;0;19295;2;0;25506;12;0;
φa;25506;1;0;
φb;25506;1;0;
φx;25506;1;0;
φy;25506;1;0;
φβκ;15811;1;0;
χ;11944;1;0;15928;11;0;21248;15;0;35514;150;0;
χ1f;21248;2;0;35514;14;0;
χd;21248;2;0;35514;14;0;
χd1fz;21248;2;0;35514;14;0;
χdf;21248;2;0;35514;14;0;
χf;21248;2;0;35514;14;0;
χf1dim;15928;2;0;35514;18;0;
χfi;15928;2;0;35514;18;0;
χfz;21248;4;0;35514;28;0;
χg;21248;3;0;35514;15;0;
χgz;21248;3;0;35514;15;0;
χp1dim;15928;3;0;35514;19;0;
χpsum;15928;2;0;35514;18;0;
χrd1;15928;14;0;35514;46;0;
χrd1c;15928;6;0;35514;22;0;
χrd1d;15928;3;0;35514;19;0;
χunion;15928;6;0;35514;22;0;
χx;11944;1;0;
ψ;35707;2;0;
ω;11944;1;0;12680;2;0;15029;9;0;16867;7;0;31961;2;0;33958;11;0;
ωc;12644;1;0;
ωn;13723;2;0;18677;2;0;19161;2;0;19664;386;0;19937;747;0;23152;314;0;27038;73;0;28791;48;0;29434;90;0;29904;1;0;30570;28;0;31324;182;0;32158;4;0;35679;527;0;
ωn222;17662;1;0;
ωn2m;18997;1;0;
ωnc;29920;2;0;
ωnωn;14485;2;2;
ωreturn;28562;32;0;35957;33;0;
ωw;11944;1;0;
ωω;19316;21;0;19664;290;0;19750;45;0;19937;596;0;23152;260;0;26567;84;0;31324;157;0;32125;178;0;
ϵodwmst;33182;2;0;
אותי;23135;2;0;
אלימלך;23135;2;0;
אלכסנדר;23135;2;0;
אני;23135;4;0;
אשמח;23135;2;0;
באתר;23135;2;0;
בוקשפאן;23135;2;0;
בוקשפן;23135;2;0;
בן;23135;8;0;
בני;30288;58;0;
בנימין;24204;6;0;
בנימיןchayarivkamechel;24204;1;1;
בענפים;23135;2;0;
בקישור;23135;2;0;
בת;23135;2;0;
בתודה;23135;2;0;
גנאלוגיה;23135;2;0;
דוד;23135;2;0;
דרך;23135;2;0;
האתר;23135;2;0;
הגעתי;23135;2;0;
הדת;32304;2;0;
הזה;23135;2;0;
השבורים;23135;2;0;
זל;23135;2;0;
זלמן;19374;2;0;
חומר;23135;2;0;
חיים;23135;2;0;
יוחס;30288;29;0;
יצחק;23135;2;0;
ישראל;23135;4;0;
יששכר;30288;58;0;
יתומה;30288;29;0;
לאה;23135;2;0;
לכבוד;23135;2;0;
למייל;23135;2;0;
לשמוע;23135;2;0;
מאיר;24204;7;7;
מחזיקי;32304;2;0;
מחפש;23135;2;0;
מידע;23135;2;0;
מילר;23135;4;0;
מינדל;24204;3;0;
מינדלmoshemay;24204;1;1;
מליא;23135;2;0;
מס;23135;2;0;
מרת;23135;2;0;
משה;19374;3;3;23135;2;0;
משפחתי;23135;2;0;
עוד;23135;4;0;
על;23135;4;0;
פסח;19374;3;3;
ר;23135;8;0;
רב;23135;4;0;
שבתי;23135;2;0;
של;23135;2;0;
שלום;23135;4;0;
שלך;23135;4;0;
שלמה;19374;2;0;30288;29;0;
שם;30288;29;0;
תמצא;23135;2;0;
بیتکوینthank;3337;1;0;
صبا;3312;1;1;
مشهدveri;3312;1;0;
ἀποδεικτικῆς;25098;1;0;
ἀπόδειξιν;25098;1;0;
ἐπιστήμης;25098;1;0;
ἐστὶν;25098;1;0;
ἡ;25098;1;0;
ὅτι;25098;1;0;
ℓn;10740;1;0;
ℓσ;10740;1;0;
ℝ2;13701;1;0;
ℝd;13701;1;0;
千里之行始于足下;36997;1;0;
张成phd;21303;1;0;
郭煜phd;15781;1;0;
브라우저에서;12749;1;0;
사용;12749;1;0;
않습니다;12749;1;0;
이;12749;1;0;
있지만;12749;1;0;
중인;12749;1;0;
지원하지;12749;1;0;
페이지에는;12749;1;0;
프레임을;12749;1;0;
프레임이;12749;1;0;
ﬂexibl;31581;1;0;
ﬂow;3194;1;0;
