z;7;1;0;43;5;0;53;1;0;68;1;0;95;3;0;118;1;0;120;11;0;139;3;0;177;1;0;214;2;0;288;3;0;303;1;0;340;3;0;370;2;0;387;2;0;424;5;0;486;1;0;501;2;0;528;3;0;531;1;0;556;6;0;579;7;0;591;1;0;642;1;0;647;2;0;691;6;0;694;1;0;699;3;0;720;7;0;721;1;0;730;1;0;732;1;0;756;3;0;762;1;0;774;2;0;799;1;0;804;3;0;853;1;0;874;1;0;877;3;0;944;2;0;953;2;0;964;1;0;968;2;0;1162;8;0;1174;1;0;1193;1;0;1194;2;0;1227;4;0;1432;5;0;4543;1;0;4548;1;0;6566;6;0;7033;1;0;7480;4;0;7501;1;0;8376;1;0;9086;6;0;9101;1;1;9274;1;0;9422;2;2;9482;2;0;9489;3;0;10620;1;0;10710;16;0;10807;10;0;11069;33;33;11280;2;0;11483;1;0;11847;1;0;11921;1;0;11978;134;0;12055;27;0;12073;3;0;12262;1;0;12384;4;0;12421;1;0;12590;10;0;12653;6;0;12697;1;0;12760;3;3;12855;74;0;13114;1;1;13169;24;0;13398;4;0;13537;1;0;13620;2;2;13626;2;0;13683;1;0;13706;1;0;13934;1;0;14064;193;0;14172;2;0;14235;106;106;14236;2;0;14347;5;0;14396;8;8;14484;1;0;14516;2;0;14543;102;0;14580;2;0;14628;4;0;14878;15;0;14915;60;0;14966;92;0;15136;8;0;15144;3;0;15151;4;0;15202;1;0;15427;1;0;15628;58;0;15688;7;0;16056;8;0;16304;16;0;16528;12;0;16640;2;2;16645;34;0;16735;54;0;16793;12;0;16795;21;0;16866;4;0;16904;1;0;16916;25;0;17100;40;0;17428;25;0;17457;8;0;17521;6;0;18093;1;0;18334;282;0;18760;1;0;19158;16;16;19292;51;0;19412;74;0;19427;3;0;19544;1;0;19607;25;0;19620;1;0;19664;989;0;19722;1;0;19750;1;0;19775;52;0;19901;6;0;19927;1;0;19937;4040;0;20122;59;0;20138;323;0;20157;93;93;20202;14;0;20306;16;0;20391;20;0;20516;2;0;20865;3;0;20875;1;0;20889;1;0;20914;4;0;21040;1;0;21119;1;0;21140;1;0;21141;7;0;21152;3;0;21210;3;0;21248;4;0;21264;6;0;21309;1;1;21321;1;0;21427;3;0;21649;15;0;21652;2;2;21752;12;0;21998;1;0;22019;4;0;22164;4;0;22245;14;0;22540;32;0;22941;11;0;22954;4;0;23093;1;0;23458;1;0;23502;1;0;23669;5;0;24065;169;0;24181;9;0;24576;24;0;24659;1;1;24730;27;0;24901;1;0;25276;1;0;25302;1;0;25386;3;0;25477;3;0;25764;10;10;26218;114;0;26270;4;0;26567;14;0;26662;23;23;26710;53;53;26774;1;0;26816;4;4;26861;1;0;26893;8;0;27038;55;0;27089;17;0;27110;4;0;27405;1;0;27645;20;0;27769;5;0;28224;6;0;28453;1;0;28500;1;0;28557;4;0;28727;2;0;28808;1;0;28858;2;0;28873;12;0;28906;1;0;28947;3;0;29070;2;2;29217;24;0;29233;2;0;29301;80;0;29330;43;0;29434;144;0;29474;11;0;29555;5;5;29618;2;0;29824;25;0;30416;9;0;30481;22;0;30731;2;0;30843;2;0;30850;1;0;30876;2;0;31201;21;0;31272;6;0;31288;468;0;31324;351;0;31334;2;0;31675;1;0;31679;12;0;32075;1;0;32125;384;0;32246;28;0;32730;2;0;32904;163;0;32916;5;0;32969;3;0;33017;41;0;33397;2;0;33863;836;0;33870;20;0;33877;82;82;33918;17;0;33969;46;0;34175;4;0;34200;2;0;34213;1;0;34241;2;0;34295;77;0;34354;1;0;34485;1;0;34775;33;0;34843;94;0;35254;3;0;35415;32;0;35474;1;0;35514;28;0;35679;1779;0;35779;1;0;35850;4;0;35957;52;0;36196;79;0;36274;1;0;36384;1;0;36660;1;1;
z0;16624;1;0;
z1;375;1;0;16624;1;0;
z10;11069;1;0;
z1000;8180;1;0;
z11;11069;1;0;
z12;11069;1;0;
z12oglnpoq3gjh4om04cfdlbgp2uepyytpw0kfrancisco;1184;1;0;
z13;11069;1;0;
z14;11069;1;0;
z15;11069;1;0;
z16;11069;1;0;
z17;11069;1;0;
z18;11069;1;0;
z19;11069;1;0;
z1z;12055;27;0;
z2;375;1;0;11069;2;0;
z20;11069;1;0;
z21;11069;1;0;
z22;11069;1;0;
z23;11069;1;0;
z24;11069;1;0;
z3;375;1;0;11069;2;0;
z3950;13183;16;0;
z4;375;1;0;11069;1;0;
z5;11069;1;0;
z5pavx;9104;1;0;
z6;11069;1;0;
z7;11069;1;0;
z8;11069;1;0;
z80;10230;1;0;19634;10;0;
z84;21074;6;0;
z9;11069;1;0;
z95;11579;58;0;
zabala;6552;1;0;
zabaw;15691;2;0;
zaber;17718;4;0;29156;1;0;
zabih;24771;3;0;
zabloci;19436;2;0;
zabno;27563;7;0;
zabolottsi;32304;3;0;
zabowski;28490;136;0;
zabriski;15642;2;2;17033;2;2;17206;2;2;18262;2;2;25617;2;2;26079;2;2;28235;2;2;29492;2;2;29982;2;2;32086;2;2;
zabrzebielszowic;762;1;0;
zacavica;24991;2;0;
zaccaria;721;2;0;
zach;2976;1;0;14525;25;0;14803;11;0;19580;5;0;20424;1;1;23770;4;0;26608;1;0;26699;4;0;31018;1;1;32277;1;0;36886;2;0;37216;2;0;37221;1;0;
zachajenni;30223;1;1;
zachari;1194;1;0;2948;1;0;2970;1;0;6710;2;0;9463;1;0;13407;1;0;13934;2;0;16555;6;0;19937;1;0;19977;5;0;21419;1;0;21587;1;0;21721;3;0;25715;1;0;28058;2;2;28557;2;2;30409;1;0;31356;1;0;31812;2;2;32614;1;1;35076;1;1;37090;1;0;
zacharia;36294;2;0;
zachariasen;36615;3;0;
zachataken;30223;1;0;
zacheri;30788;8;0;
zachklein;19580;6;0;
zachsara;33721;1;1;
zachtaken;33721;1;0;
zack;237;1;0;14625;2;2;20581;1;1;22890;1;0;23206;1;1;23819;1;1;30675;1;1;31612;1;1;32756;1;0;35357;2;2;
zackanthoni;23787;1;1;
zacklad;27837;1;0;
zacksara;30240;1;1;
zacktaken;23787;1;0;30240;1;0;32127;1;0;
zackwig;32127;1;1;
zackzacktaken;10894;1;0;14143;1;0;18655;1;0;
zadań;17457;2;0;
zaddtofacevv;11579;8;8;
zaddtofacevvfid;11579;9;9;
zaddtuplesffid;11579;10;10;
zaddtupleszoldfacesvvffid;11579;10;10;
zadeh;107;1;0;110;1;0;197;1;0;259;1;0;1012;1;0;
zadka;16555;2;0;
zadkasashurccbiuacil;16555;2;0;
zadownicki;31342;2;0;
zadrozni;284;1;0;343;3;0;409;1;0;480;2;0;533;3;0;761;1;0;786;6;0;1008;3;0;
zafar;24982;1;0;
zaffalon;37;1;0;52;1;0;248;6;0;301;2;0;465;2;0;726;3;0;743;6;0;954;2;0;987;2;0;
zagalo;9463;1;0;
zago;3043;1;0;
zagoriška;28425;1;1;
zagorz;15163;4;0;22019;8;0;33096;6;0;34862;4;0;
zahava126aolcom;31342;2;0;
zahavi;15171;1;0;28562;5;0;
zaheer;35062;1;0;35957;16;0;
zahid;370;1;0;501;1;0;
zahler;15691;2;0;22810;1;1;
zahra;556;2;0;579;2;0;2930;1;0;2964;1;0;10255;1;0;13521;1;1;14365;5;0;18030;3;0;30995;15;0;
zahradn;13705;1;0;28743;1;0;
zaid;24982;1;0;
zaida;35757;2;0;
zaideman;33341;3;0;
zain;848;1;0;23546;2;0;
zainamin1;848;1;0;
zair;27311;1;0;
zairecongo;13882;1;1;
zairetaken;13882;1;0;
zak;915;2;0;12552;55;0;16677;33;0;18658;4;0;22110;4;0;22337;26;0;32304;22;0;
zak78miriam;22337;1;0;
zakacuc;18984;2;0;
zaklad;14878;30;0;29301;45;0;
zaknot;22337;1;0;
zakon;23989;3;0;
zakopan;19900;16;0;22337;4;0;
zakupu;17457;1;1;
zakwa;22337;1;0;
zal;30;3;0;159;1;0;235;1;0;297;1;0;451;3;0;462;1;0;526;3;0;667;3;0;702;1;0;922;3;0;1137;1;0;
zalai;27563;14;0;
zalando;33130;2;0;
zaldivar;20150;3;3;36691;1;1;37105;1;1;37291;1;1;
zaldivarfebruari;37105;1;1;
zalen;16555;2;0;
zaleshchiki;30288;5;0;
zaleszcyki;28849;6;0;
zalevski;14484;1;0;
zali;16677;9;0;17866;18;0;18658;9;0;22337;16;0;
zali20nov1876;23733;2;0;
zali4;22337;3;3;
zalichaskelrozimiraannarezikasalin;17866;1;1;
zalizadeh;556;6;6;579;4;4;
zallfacesvvd;11579;10;10;
zalltuplesi1d1selectffmemberqi;11579;10;10;
zalltuplesi1ff;11579;10;10;
zalltuplesidff;11579;10;10;
zalman;11708;3;0;12288;18;0;12346;2;0;12552;24;0;14813;5;0;16677;6;0;18430;3;0;18544;6;0;19377;14;0;22337;2;0;23472;4;0;28947;30;0;29826;3;0;30288;6;0;32059;7;0;36636;2;0;
zalman6;22337;4;0;
zalmen;28947;3;0;
zalphaon;20202;14;0;
zaludok;18984;2;0;
zalukajso;3356;1;0;
zaman;91;1;0;24982;1;0;35062;1;0;
zamani;2930;1;0;2964;1;0;
zambia;22715;16;0;36943;1;0;
zambiapatterson;17258;1;0;
zammitto;9463;3;0;36759;1;0;
zammittomay;36759;1;0;
zamoramartinez;135;1;0;403;4;0;
zamoramartínez;135;1;0;
zampelli;13683;1;0;
zana;3190;1;0;17061;1;0;
zancanaro;25477;2;0;
zandecz;17866;3;0;
zandentaken;33142;1;0;
zandentom;33142;1;1;
zang;23113;1;0;
zanghirati;108;2;0;480;2;0;705;6;0;786;6;0;
zangooei;556;2;0;579;2;0;
zani;12388;1;0;
zanibbi;1113;2;0;
zaniolo;95;3;0;134;3;0;489;1;0;874;1;0;
zanna;108;1;0;480;1;0;705;3;0;786;3;0;10278;1;0;
zanni;108;2;0;480;2;0;705;6;0;786;6;0;
zanuttini;13683;1;0;
zanvel;30288;26;0;
zanvil;15163;4;0;16677;6;0;22019;16;0;28947;99;0;30288;104;0;31342;2;0;32059;21;0;
zao;16437;1;0;
zap;11499;1;0;12145;1;0;12249;1;0;12362;1;0;12391;1;0;12509;1;0;12974;1;0;13025;1;0;13825;1;0;14260;1;0;14798;1;0;14919;1;0;15663;1;0;16748;1;0;17095;1;0;18957;1;0;19312;1;0;20070;1;0;20131;1;0;20697;1;0;20782;1;0;21164;1;0;21336;1;0;21389;1;0;22343;1;0;22386;1;0;22458;1;0;22931;1;0;23032;1;0;23147;1;0;23208;1;0;23285;1;0;23599;1;0;23827;1;0;24034;1;0;24100;1;0;24293;1;0;24899;1;0;25028;1;0;26168;1;0;26183;1;0;26846;1;0;26889;1;0;27446;1;0;28113;1;0;28841;1;0;28864;1;0;28885;1;0;29312;1;0;29359;1;0;30091;1;0;30644;1;0;30890;1;0;30997;1;0;31113;1;0;31390;1;0;31724;1;0;32016;1;0;32380;1;0;32605;1;0;32698;1;0;33172;1;0;33813;1;0;34006;1;0;34093;1;0;34309;1;0;34473;1;0;34523;1;0;34640;1;0;35064;1;0;35141;1;0;35210;1;0;35760;1;0;
zappendl;14347;5;0;
zappendstringformatpatternstr;14347;6;0;
zappo;9652;1;0;
zapya;3329;1;1;3337;1;1;
zara;13934;1;0;
zaragoza;6723;1;0;26818;31;0;
zarandi;13934;1;0;25715;1;0;
zarat;10152;1;0;10242;4;0;19257;58;0;36732;1;0;37232;1;0;
zaratejustin;10242;1;0;19257;1;0;
zarchi;1144;4;0;
zare;11995;12;0;22671;11;0;25360;55;0;29325;74;0;29356;144;0;31288;2642;0;
zareen;604;2;0;
zareensharf76;604;1;0;
zaretski;16677;3;0;
zarina;30995;23;0;
zarki;3182;1;0;3201;1;0;10253;3;3;10265;2;2;10268;1;0;10361;2;0;10384;9;9;10412;4;4;10462;12;0;12665;9;9;14665;2;0;14828;1;1;15490;12;0;17380;2;0;17597;1;0;18602;2;0;18703;1;0;25046;2;0;25709;1;0;25715;1;0;26581;3;0;27140;6;0;31489;1;0;31581;3;3;36740;1;0;36999;2;2;37287;2;2;
zarkiadam;35244;1;1;
zarkicrista;31581;1;1;
zarkicristalopescristalopesa;31581;1;0;
zarkidept;14268;1;1;14488;1;1;26581;1;0;29560;1;1;30749;1;1;31191;1;1;36092;1;1;
zarkiiee;25715;1;0;
zarkimagda;15103;1;1;19733;1;1;
zarkimagdael;31581;1;0;
zarkinow;10462;1;0;
zarkiprofessordegreeresearch;15103;1;1;
zarkiprofessorresearch;10464;1;1;
zarkiresearch;19733;1;1;
zarkiscott;13393;1;0;
zarkish;10253;1;0;10412;1;0;27140;1;0;
zarkitaken;35244;1;0;
zarkith;10265;1;0;10384;1;0;10412;1;0;15490;1;0;
zarkov;28258;5;0;
zarlinjack;13276;1;1;
zarlinjennai;21183;1;1;
zarlintaken;13276;1;0;21183;1;0;
zarndt;18537;2;0;
zastosowania;17457;2;0;
zatkovc;13705;1;0;28743;1;0;
zatlouk;12255;1;0;13706;1;0;24703;2;0;35254;2;0;
zator;33341;6;0;
zatsa;28947;3;0;
zatsal;28947;6;0;36384;2;0;
zatsalcould;28947;3;0;36384;1;0;
zauhar;20064;22;0;
zaun;15691;1;0;
zaunblaurok;15691;2;0;
zauncaunblaurok;28717;1;1;
zaunsed;80;2;0;263;2;0;
zaura;28858;1;0;
zauthor;12855;98;0;18334;282;0;33863;314;0;
zauthorjan;12855;24;0;
zauthorjim;12855;25;0;18334;141;0;33863;157;0;
zauthorjo;12855;24;0;
zauthorlot;12855;24;0;
zauthorroy;12855;25;0;18334;141;0;33863;157;0;
zavrel;74;1;0;139;3;0;288;3;0;541;1;0;
zawadka;18984;2;0;19374;2;0;
zawodni;20279;1;0;
zaxisagleazimuth;1084;2;0;
zayd;15163;2;0;16666;5;0;16677;3;0;18544;4;0;
zaypush;14813;5;0;
zaytsev;27624;3;0;
zb;29217;2;0;
zbc;29217;2;0;
zbegin;13620;1;0;
zbehnov;20797;2;0;
zbigniew;723;2;0;
zbikowski;14878;28;0;29301;43;0;
zboro;20797;4;0;24994;1;0;
zborov;11134;3;0;12288;16;0;14189;6;0;14813;4;0;22337;12;0;24994;10;10;25487;3;0;36384;4;0;
zborovzboro;24994;1;0;
zbtb7a;1849;1;1;
zbtb8o;2287;1;1;
zbu;13176;2;0;
zc;789;1;0;
zc3h13;2394;1;1;
zcc;12440;116;116;26710;649;649;34775;180;180;
zcchc14;2607;1;1;
zcomput;10593;1;0;11893;1;0;12893;1;0;12950;1;0;13420;1;0;14274;1;0;14767;1;0;15467;1;0;17228;1;0;17380;1;0;17441;1;0;17538;1;0;18602;1;0;20974;1;0;22371;1;0;22593;1;0;22619;1;0;23096;1;0;25653;1;0;26615;1;0;27065;1;0;27660;1;0;28550;1;0;28663;1;0;29537;1;0;32312;1;0;32742;1;0;
zcoordin;224;1;0;26816;2;0;
zcoordinatepoint;26816;1;0;
zcr;829;2;0;
zcu102;19927;1;0;
zddate;22740;1;0;
zdenek;68;1;0;
zdenekzdrah;68;1;0;
zdf1;591;2;0;
zdimens;11969;1;0;
zdisplac;75;1;0;
zdnet;7290;1;0;7352;1;0;7462;1;0;7467;1;0;7579;2;0;7751;1;0;7851;1;0;7937;1;0;8372;1;0;8380;1;0;8394;1;0;8471;1;0;8616;1;0;8702;1;0;9345;1;1;13032;5;0;34481;6;0;
zdnetthi;13032;1;0;
zdo;21317;1;0;
zdrahal;68;2;0;
zdravko;23636;41;0;34166;15;0;
ze;22356;4;0;25705;3;0;29826;3;0;
zeal;22776;1;0;25497;1;0;34937;1;0;
zealand;24;1;0;48;1;0;667;3;0;833;1;0;844;1;0;970;2;0;8217;1;0;8456;4;0;9088;1;0;10202;1;0;10361;1;0;10474;1;0;11003;1;0;12521;6;0;13955;1;0;15009;1;0;15747;1;0;16424;3;0;18202;1;0;18537;1;0;20202;390;0;20403;1;1;23202;1;0;25319;8;8;25477;1;0;31288;146;0;31603;3;0;35045;6;0;36410;2;0;36529;12;0;
zealanddavid;31603;1;0;
zealandnew;33249;2;2;
zealandnorwaynorwaynorwayregistr;33249;1;1;
zealandsandeep;17554;1;0;19311;1;0;
zealandtoni;16093;1;0;
zealous;16793;19;0;20651;7;0;
zealout;27231;1;0;
zebo;9422;2;2;
zebra;9333;1;0;
zebracarousel;18863;1;1;
zebrafish;25329;1;0;
zebrasgr;10752;1;1;
zebrastaken;10752;1;0;
zebrataken;18863;1;0;
zebrazebrataken;17314;1;0;18097;1;0;21695;1;0;29782;1;0;
zebrecen;36384;3;0;
zebulun;17849;25;0;
zechao;6710;1;0;
zechariah;17849;12;0;32171;1;0;
zecil;22684;2;0;
zedeck;24204;3;0;
zedekiah;17849;3;0;
zedillo;33382;8;0;
zedong;8434;1;0;
zee;7339;4;0;20202;14;0;
zeed;31048;394;0;
zeeland;18984;6;0;24204;3;0;
zeeman;15029;23;0;28246;22;0;
zeer;3322;1;0;
zeesa;36384;8;0;
zeesel;11708;9;0;12552;39;0;16677;3;0;22337;2;0;27481;6;0;
zeesha;36384;77;0;
zeeshka;14813;6;0;22337;2;0;27563;28;0;
zeeshka7;22337;2;0;
zeesi;30288;26;0;
zeetv;7339;2;0;7389;2;2;7480;1;0;7688;1;0;8011;2;2;8540;3;3;
zeev;12347;4;0;33341;6;0;
zef;18157;300;0;23907;120;0;31288;903;0;33299;28;0;
zefeng;35957;7;0;
zegurageorgia;11328;6;0;
zegurahenri;11328;1;1;
zeh;35224;1;0;
zeharia;36636;2;0;
zehavi;31328;2;0;
zehra;15414;2;2;
zeichen;9104;1;0;
zeid;36384;11;0;
zeida;18984;2;0;
zeidberg;30806;39;0;
zeiden;14878;29;0;29301;44;0;
zeidenfeld;22019;16;0;30288;28;0;
zeidenfeldseidenfeld;30288;59;59;
zeifman;11708;11;0;
zeil;10807;8;0;29474;8;0;32464;23;0;
zeilg;30288;27;0;
zeilig;22684;2;0;
zeina;30788;4;0;
zeisel;27563;3;0;
zeisswein;12552;18;0;32304;8;0;
zeitgeist;14574;2;0;
zeitlin;11708;8;0;
zeklecin;19900;4;0;
zelda;6534;1;0;6554;1;0;6560;1;0;16677;3;0;17833;5;0;22337;2;0;27563;9;0;29704;4;0;30288;15;0;33341;3;0;
zeldatot;12552;7;0;
zeldovich;29156;1;0;
zelenski;21152;1;0;
zelesnik;32904;140;0;33426;2;2;
zelf;34033;13;13;
zelig;12552;45;0;14878;55;0;15163;2;0;15601;3;0;16677;18;0;18430;3;0;18658;8;0;19900;17;0;22110;7;7;22337;16;0;22895;3;0;29301;31;0;29704;5;0;30288;42;0;33674;4;0;34025;10;0;35278;8;0;
zelig4;22337;13;13;
zelig5;22337;3;3;
zeligman;22068;4;4;
zelikovski;17428;25;0;
zeling;15691;2;0;26363;1;1;33341;3;0;
zelinski;16603;4;0;
zelivanski;31342;4;0;
zelkowitz;10807;10;0;21386;111;0;25391;1;0;29076;1;0;
zeller;2895;1;0;2931;1;0;2936;1;0;12963;4;0;23202;3;0;35134;10;0;
zellweg;35134;10;0;
zeltner;15691;2;0;36305;1;1;
zeltzer;19374;2;0;
zema;382;1;0;
zemad;382;2;0;
zemel;34033;13;13;
zemplen;30288;3;0;
zemzem;27225;29;0;
zen;14128;1;0;22181;1;0;22890;1;0;25644;10;0;27225;341;0;29339;1;1;30876;9;9;
zena;24480;1;1;26731;1;1;27847;1;1;27904;1;1;
zender;22715;29;0;
zendergrenobl;22715;1;1;
zeng;156;1;0;419;2;0;449;1;0;720;1;0;2971;1;0;6566;1;0;9422;2;2;9852;1;0;22888;2;0;25302;1;0;
zengin;9022;1;0;
zengtreitl;6566;1;0;
zenith;31048;356;0;
zenka;12552;38;0;27481;4;0;
zenograph;12489;1;0;19589;1;0;
zentralblatt;12017;13;0;
zenvil;28947;3;0;36384;1;0;
zeon;7504;1;0;
zepel;11708;3;0;
zeph;15265;1;1;
zephyr;14128;4;0;19927;1;1;24839;2;0;31048;259;0;
zeppelin;10278;1;0;34569;1;0;
zepyour;30788;4;0;
zerakodeshaolcom;31342;2;0;
zerhusen;17405;148;0;21024;66;0;31288;828;0;
zerlegung;29618;2;0;
zernik;1174;2;0;12728;3;0;
zero;7;2;0;26;2;0;30;3;0;34;1;0;43;1;0;75;1;0;142;1;0;159;2;0;214;3;0;259;1;0;404;6;0;414;1;0;465;2;0;495;1;0;528;6;0;533;3;0;568;1;0;590;2;0;609;3;0;667;3;0;698;1;0;751;1;0;765;1;0;789;1;0;796;1;0;829;2;0;835;2;0;877;3;0;1044;1;0;1112;1;0;1124;3;0;1161;1;0;2917;1;0;2970;1;0;3009;1;0;4574;1;0;4669;1;0;4940;1;0;4975;1;0;6091;2;0;7112;1;0;7127;1;0;7377;1;0;7545;1;0;7643;1;0;7730;1;0;7739;1;0;7825;1;0;7870;1;0;7917;1;0;7965;1;0;7985;1;0;8007;1;0;8106;1;0;8151;1;0;8169;1;0;8352;2;0;8372;1;0;8493;1;0;8594;1;0;8618;1;0;9086;1;0;9087;1;0;9148;1;0;9154;1;0;9167;1;0;9177;1;0;9238;1;0;9245;3;0;9252;1;0;9271;2;0;9286;4;0;9287;1;0;9309;1;0;9316;2;0;9317;1;0;9321;2;0;9471;1;0;9502;2;0;9507;4;0;10208;1;0;10302;5;0;10319;1;0;10478;1;0;10620;1;0;11060;2;0;11105;1;0;11116;1;0;11122;3;0;11145;3;0;11316;2;2;11530;2;0;11546;1;0;11579;5;0;11584;4;0;11824;2;0;11911;29;0;11921;2;0;12055;81;0;12066;3;3;12071;2;0;12085;4;0;12368;2;0;12375;1;0;12590;5;0;12696;17;0;12760;4;0;12818;1;0;12845;8;0;12855;380;0;13063;1;0;13093;4;0;13114;1;0;13218;14;0;13242;4;0;13339;2;0;13489;1;0;13721;5;0;13723;1;0;13851;27;0;13988;3;0;14007;4;0;14052;2;0;14064;217;0;14066;2;0;14096;1;0;14102;9;0;14272;3;0;14343;1;0;14347;2;0;14386;1;0;14405;29;0;14492;1;0;14647;1;0;14649;17;0;14726;64;0;14758;2;0;14821;19;0;14915;36;0;15142;4;4;15213;1;0;15225;2;0;15256;14;0;15300;22;0;15628;67;0;15867;7;0;15879;1;0;15892;1;0;15928;3;0;15942;1;0;15993;1;0;16053;2;0;16060;3;0;16258;1;0;16400;1;0;16422;2;0;16521;4;0;16735;54;0;16795;2;0;17061;1;0;17183;3;3;17218;4;0;17265;1;0;17399;1;0;17570;2;0;17795;6;0;17984;1;0;18039;3;0;18081;51;0;18118;2;0;18157;127;0;18188;2;0;18194;2;2;18276;1;0;18334;976;0;18337;10;0;18504;1;0;18560;1;0;18649;1;0;18788;2;0;19094;3;0;19170;1;0;19395;2;0;19440;2;0;19664;949;0;19775;87;0;19835;1;0;19937;2325;0;19953;3;0;20092;15;0;20122;90;0;20375;1;0;20381;2;0;20391;7;0;20410;2;0;20419;1;0;20457;2;2;20529;4;0;20584;11;0;20952;8;0;21074;4;0;21242;1;0;21386;47;0;21649;42;0;21900;3;0;22011;1;0;22164;14;0;22216;1;0;22247;5;0;22425;16;0;22452;1;0;22486;3;0;22785;1;0;22830;1;0;22871;3;0;23016;1;0;23026;2;0;23028;2;0;23033;4;0;23072;1;0;23152;485;0;23369;3;0;23434;1;0;23478;1;0;23549;16;0;23558;3;0;23577;1;0;23677;1;1;23688;8;0;23728;80;0;23885;2;0;23907;49;0;23923;3;0;24040;16;0;24065;167;0;24221;1;0;24302;27;0;24355;2;0;24380;1;0;24654;4;0;24697;3;0;24819;4;0;24896;4;0;25139;9;0;25343;1;0;25417;6;0;25619;1;0;25915;90;0;26086;14;0;26107;1;0;26248;169;0;26356;1;0;26375;1;0;26562;9;0;26590;10;0;26598;1;0;26662;108;0;26682;1;0;26736;1;0;26861;10;0;26975;4;0;26995;7;0;27038;27;0;27043;1;0;27089;38;0;27110;20;0;27262;2;0;27325;6;0;27405;2;0;27503;1;0;27730;1;0;27797;1;0;27890;3;0;28014;5;0;28096;1;0;28112;8;0;28162;6;0;28203;28;0;28510;2;0;28580;1;0;28605;4;0;28633;1;0;28665;4;0;28805;19;0;28896;4;0;28918;35;0;28961;1;0;28972;3;0;28995;5;0;29037;2;2;29070;4;4;29139;1;0;29182;1;0;29370;1;0;29410;2;0;29424;215;0;29434;104;0;29550;1;0;29580;17;0;29712;1;0;29740;5;0;29794;1;0;29824;30;0;29972;6;0;30115;1;0;30202;39;0;30235;2;0;30496;5;0;30513;1;0;30572;1;0;30582;40;0;30815;18;0;30838;2;0;30843;33;0;30876;2;0;30901;3;0;30917;3;0;31226;54;0;31272;2;0;31288;485;0;31304;1;0;31324;136;0;31464;4;0;31520;1;0;31562;6;0;31684;7;0;31732;1;0;31735;1;0;31850;55;0;31948;4;0;31961;2;0;31967;1;0;32075;1;0;32125;210;0;32240;1;0;32316;6;0;32381;1;0;32479;51;0;32502;4;0;32531;1;0;32593;1;0;32603;2;0;32667;1;0;32727;3;0;32756;1;0;32809;2;0;33066;2;0;33453;1;0;33593;1;0;33860;3;0;33870;3;0;33903;1;0;34175;1;0;34241;2;0;34242;1;0;34773;3;0;34775;16;0;34871;86;0;35200;1;0;35207;3;0;35276;7;0;35514;104;0;35520;1;0;35621;1;0;35653;6;0;35664;3;0;35679;1161;0;35744;1;0;35820;5;0;36018;30;0;36026;17;0;36508;1;0;36740;1;0;36751;4;4;36831;3;3;36835;3;3;36850;2;2;36912;1;0;37148;1;1;37305;1;1;
zero3;27037;1;0;
zero5;29972;1;1;
zeroa7;14758;1;0;
zerob2;13339;1;0;
zerobas;9489;2;0;11122;1;0;13242;1;0;19352;20;0;29742;1;0;30615;1;0;35207;2;0;
zerobelief;31492;4;0;
zerocarbon;34869;5;0;
zeroconfid;922;3;0;
zerocost;8584;1;0;
zerocross;660;1;0;12440;1;0;25764;6;0;
zerodelay;18254;1;0;
zerodepththirdli;32318;1;0;35250;1;0;
zerodesign;7630;1;0;
zerodimension;11579;10;0;
zerodivisionerror;9502;8;0;14235;14;0;24975;5;0;
zerodivisionerrorfoo2caught;9502;1;0;
zerodivisionerrorfoo3caught;9502;1;0;
zerodivisionerrorfoo4caught;9502;1;0;
zeroedgar;667;2;0;
zeroedout;12855;53;0;18334;240;0;
zeroesa;27405;1;0;
zeroesforforforinthat;27405;1;0;
zeroesintnot;29712;1;0;
zerofals;26662;7;0;
zerofil;27325;5;0;29712;3;0;
zerofillint;27325;2;0;
zerohash;20040;1;1;
zeroindex;481;1;0;
zeroirisedgar;667;1;0;
zeroknowledg;8791;1;0;12968;1;0;13433;4;0;13747;1;0;17183;6;0;20952;4;0;22497;1;0;24776;1;1;28207;1;0;31690;1;1;35294;1;0;
zeroknowledgeread;24776;1;0;
zeroleafcount;24569;2;2;
zerolength;21821;1;0;33173;1;0;33532;1;0;
zeromean;18728;4;0;
zeronldo;16661;1;0;
zerononzero;31684;1;0;
zeroon;11195;6;6;32633;168;168;
zeroour;13721;1;0;
zeroout;34241;1;0;
zerooverhead;27325;1;0;
zeropad;33903;1;0;
zeror;23677;16;16;25920;2;0;
zerorecal;22743;1;0;
zeroreftarget;31014;1;0;
zeroremark;17677;1;0;
zerorent;8712;1;0;
zerosattribut;1086;1;0;
zeroshot;2959;3;3;2970;3;3;
zerosom;29410;1;0;
zerosum;10278;1;0;16094;2;0;22271;1;0;30722;1;0;
zeroth;9316;1;0;20592;1;0;
zerotofourpoint;14272;3;0;
zeroultim;29972;1;0;
zerous;21179;1;1;
zerovector;32075;1;0;
zerovlmserregarea;14340;1;0;
zerowhen;34773;1;0;
zerowidth;16348;24;0;
zerozero;13218;1;1;
zerubavel;20138;332;0;21014;2;0;24127;7;0;
zerubbabel;17849;5;0;
zest;8096;1;0;
zeta;21256;1;0;
zeta2;21889;1;0;
zetocha;14484;1;0;
zettabyt;15550;3;0;
zettlemoy;2968;1;0;2970;1;0;
zeu;27622;1;1;
zeugma;16165;1;0;
zev;12288;8;0;12552;7;0;15163;2;0;16677;6;0;17866;3;0;18658;3;0;22337;9;9;22895;4;0;28849;12;0;30288;81;0;31712;2;0;34698;4;0;36384;32;0;
zev5;22337;3;3;
zevass;12288;4;0;12552;10;0;16677;15;0;22337;12;0;
zevasser63girl5;22337;1;0;
zevent;8228;1;0;
zevi;31712;4;0;
zeviani;1227;1;0;1432;1;0;30416;1;0;
zexcept;9482;1;0;
zeynep;9022;1;0;
zf;13620;1;1;
zfacevvf1;11579;11;11;
zfacevvfd;11579;24;24;
zfacevvi2;11579;11;11;
zfand5;2170;1;1;
zfas1;1808;1;1;
zfat;28947;6;0;
zfoo1;14516;1;1;
zfor;27405;1;0;
zgetitemzzgetitem0xzgetitem1xgetitemforthat;27405;1;0;
zgicom;1025;1;0;
zgoda;22337;2;0;27563;9;0;
zh;7;1;0;
zh2;26893;20;0;
zha;35957;12;0;
zhai;207;3;0;977;2;0;7159;1;0;16916;2;0;
zhalehpour;370;1;0;501;2;0;
zhan;255;1;0;35957;26;0;
zhang;18;2;0;74;1;0;75;3;0;121;2;0;139;3;0;156;1;0;159;1;0;217;4;0;235;1;0;251;1;0;273;9;0;330;1;0;343;3;0;355;1;0;404;3;0;425;2;0;449;1;0;496;1;0;501;5;0;506;3;0;526;3;0;528;3;0;702;1;0;720;1;0;732;1;0;761;1;0;922;3;0;1011;2;0;1031;3;0;1099;6;0;1109;2;0;1137;1;0;1157;1;0;1167;1;0;1180;3;0;1227;2;0;1432;2;0;2970;1;0;2981;1;0;3043;1;0;3057;2;0;3084;1;0;3129;1;0;4560;1;0;6528;1;0;6566;5;0;6610;2;2;6684;2;0;6691;1;0;6710;4;0;8223;1;0;9034;1;0;9037;4;0;9038;5;0;9422;8;8;9511;1;0;10399;3;0;11069;2;0;11196;2;0;11975;2;0;12178;1;0;12384;9;0;12461;1;0;12701;1;1;13683;2;0;13934;2;0;14484;3;0;14525;18;0;14653;1;0;17052;2;2;17210;1;0;17249;1;0;18198;5;0;19753;4;0;21043;6;0;21188;9;0;21303;2;2;22330;2;0;22517;1;0;22888;1;0;23113;1;0;23737;1;0;25392;37;0;25477;1;0;25656;1;0;26169;2;0;26502;1;0;28507;1;0;28562;12;0;28623;1;0;29230;9;0;30002;3;0;30143;3;0;30374;1;0;30416;3;0;31520;1;0;31581;1;0;31860;9;0;32206;2;2;33093;1;0;33906;1;0;34033;4;4;34793;1;1;35062;1;0;35201;1;0;35209;1;0;35957;167;0;37146;1;0;37354;3;0;37388;9;0;
zhang24;18;1;0;
zhanga;37146;1;1;
zhangaaron;10451;1;1;
zhangandrew;0;1;0;
zhangback;37374;1;1;
zhangdecemb;10399;2;0;
zhangdharini;2837;1;1;
zhangdixin;23113;1;0;
zhangduyquoc;6523;1;1;
zhangedg;10358;1;1;
zhangfontcod;21303;1;0;
zhanghana;6612;1;0;
zhanghaohan;2837;1;0;
zhangjason;37377;1;1;
zhangji;23113;1;0;
zhangjon;11328;1;1;
zhangkun05;1157;1;0;
zhangliangju;2837;1;1;
zhangm;2837;1;0;
zhangmarch;10399;1;0;
zhangmicrosoft;11328;6;0;
zhangrabia;12701;1;0;
zhangresearch;21303;1;1;
zhangtejia;2837;1;0;
zhangtent;35201;1;0;
zhangth;37349;1;0;
zhangtipp;23113;1;0;
zhangxi;2837;1;0;
zhangxiaowen;15414;1;1;
zhangyuet;12701;1;0;
zhangzhanhang;6523;1;1;
zhangzhenhao;23113;1;0;
zhangzhuomeng;23113;1;0;
zhanhang;23884;1;1;29610;3;0;
zhanpeng;19937;1;0;22954;2;2;23202;2;0;31356;1;0;
zhao;1193;2;0;2887;1;0;2918;2;0;2930;1;0;2952;1;0;2964;1;0;2970;1;0;2981;1;0;3103;1;0;3110;1;0;6528;3;0;6566;2;0;6710;2;0;8753;1;0;8770;4;0;8859;1;0;8870;2;0;8885;1;0;8926;1;0;8953;2;0;8986;1;0;10150;2;2;10196;4;4;10250;1;0;10255;1;0;10267;4;4;10268;2;2;10417;1;0;10845;1;1;11859;1;0;14365;4;0;14665;2;0;14803;11;0;15069;1;1;15228;3;0;15414;5;0;15781;1;0;15820;1;0;15961;25;25;16437;4;0;16916;2;0;17210;1;0;17380;2;0;17468;15;15;19263;4;0;20724;1;1;21141;1;0;21186;1;0;21188;9;0;21303;1;0;22330;1;0;23755;9;0;23884;1;0;24292;2;0;24721;5;0;25392;13;0;25656;1;0;26818;49;0;27065;2;0;28453;3;0;28623;2;0;28637;1;0;28836;1;1;30143;3;0;30395;1;0;31201;21;0;31288;468;0;31860;9;0;32206;2;2;33359;3;0;36105;4;0;37320;1;0;37348;1;0;
zhaoa;10267;1;0;17468;1;1;
zhaoadapt;17468;1;1;
zhaoan;17468;1;1;
zhaoappear;10250;1;0;
zhaoassist;10464;1;1;35484;1;1;
zhaobi;9505;1;0;
zhaocrowdmac;17468;1;1;
zhaodaili;10150;1;0;
zhaodean;10466;1;0;
zhaodong;35957;14;0;
zhaodynatop;17468;2;2;
zhaoenabl;17468;1;1;
zhaofeng;12154;3;0;
zhaogradu;6523;1;1;
zhaogsford;17468;2;2;
zhaohao;9526;1;1;
zhaoic;9505;1;0;
zhaojaim;9470;1;0;
zhaokyungbaek;16437;2;0;
zhaom;13934;2;0;
zhaomodel;17468;1;1;
zhaoo2sm;17468;1;1;
zhaooptim;17468;1;1;
zhaopenn;37351;1;0;
zhaoqi;6718;1;0;9034;1;0;9037;6;0;9038;7;0;12372;2;0;14025;2;0;18213;2;0;18347;2;0;19001;2;0;21043;6;0;23513;2;0;26169;2;0;32173;1;0;34944;2;0;
zhaoqian;526;3;0;702;1;0;920;1;0;1147;3;0;
zhaoreli;17468;1;1;
zhaoshuang;35484;1;1;
zhaostudentssadeem;2837;1;0;
zhaotoward;17468;1;1;
zhaoxia;1536;1;0;10133;1;0;12463;4;0;13420;4;0;17380;4;0;17597;1;0;19158;1;1;21537;4;0;22128;1;0;
zhaoxiaicsucieducurriculum;19158;1;0;
zhaoxian;6563;1;0;
zhaoxiapublicationsggwaldmanuscriptsourcecod;18721;1;1;
zhaoxiapublicationsggwaldmanuscriptsourcecodeindex;18721;1;1;
zhaoyang;35957;26;0;
zhaoyuansuuciedu;6563;1;0;
zhe;9549;1;1;10250;1;0;35779;1;0;35957;40;0;
zhejian;7988;1;0;8741;1;0;
zhejiang;2789;1;0;6706;1;0;8741;3;0;
zheme;13057;18;0;18157;123;0;29276;25;0;31288;474;0;
zhen;156;1;0;29156;1;0;30143;3;0;
zhendong;3103;1;0;27381;1;0;33946;1;0;
zheng;122;1;0;284;1;0;491;3;0;533;3;0;602;3;0;922;3;0;1137;1;0;1151;1;0;1227;2;0;1432;2;0;6528;1;0;6563;6;0;6564;1;0;6566;68;0;6637;1;0;6684;1;0;6710;1;0;7446;1;0;9037;1;0;9038;1;0;9511;3;3;9646;1;0;10132;2;0;10771;1;0;11069;1;0;11483;2;2;12324;3;0;12702;1;0;13740;1;0;13884;14;0;16974;1;0;17361;28;0;17380;2;0;18187;357;0;19937;1;0;20724;1;1;20931;18;18;21043;1;0;21324;10;0;21558;1;1;21720;2;0;22888;1;0;23113;1;0;23476;6;0;24898;1;0;25029;1;1;26169;2;0;27065;2;0;28406;1;0;28730;318;0;30416;2;0;31356;1;0;31860;73;0;32188;1;0;32772;1;0;33110;2;0;33130;2;0;34354;2;0;36548;13;0;36700;4;4;36800;1;0;36827;1;0;36871;1;0;36887;3;3;36922;2;2;36934;3;3;36960;2;2;36978;1;0;36991;1;0;37257;1;0;37284;2;2;37307;1;0;37321;1;0;
zhengfeatur;21303;1;0;
zhenghadar;37052;1;0;
zhengkai;17380;2;0;21720;2;0;27065;2;0;
zhengli;2918;1;0;2952;1;0;15820;1;0;
zhenglizuciedu;15820;1;0;
zhengmarkovmodul;37332;1;1;
zhengpost;36871;1;1;
zhengpriorit;36700;1;1;
zhenguc;4557;1;1;
zhenguo;35957;15;0;
zhengyou;11328;5;0;
zhengyu;23113;1;0;
zhengyuan;9852;1;0;
zhengyunan;6566;1;0;
zhenhua;16916;2;0;
zhenyu;16916;1;0;
zhenyuan;16916;1;0;
zhewei;34987;1;0;
zhi;363;1;0;368;1;0;526;3;0;702;1;0;15414;2;2;35957;10;0;
zhibo;32969;3;0;
zhida;28858;1;0;
zhidong;6684;1;0;6710;1;0;
zhigang;32690;1;0;
zhihang;28511;1;0;
zhihao;14633;2;0;19927;2;2;29156;1;0;
zhihua;61;3;0;139;3;0;166;1;0;251;1;0;284;1;0;315;1;0;404;3;0;481;1;0;485;1;0;508;6;0;528;3;0;533;3;0;597;1;0;606;3;0;661;3;0;667;3;0;697;3;0;732;1;0;1124;3;0;35957;43;0;
zhihui;6745;1;1;
zhije;6691;1;0;6710;1;0;12702;2;0;25392;73;0;32206;2;2;34152;1;0;
zhijingqin;12702;2;0;
zhile;2928;1;0;2970;1;0;
zhiliu;363;1;0;368;1;0;
zhipe;7446;1;0;
zhiy;37354;2;0;
zhiyong;26502;1;0;
zhiyuan;388;3;0;23669;12;0;
zhiyun;16916;3;0;21141;1;0;
zhnag;9037;1;0;9038;1;0;21043;1;0;
zhong;42;1;0;51;1;0;112;6;0;164;1;0;251;2;0;268;3;0;355;1;0;384;3;0;404;6;0;480;1;0;528;6;0;639;3;0;667;6;0;732;2;0;786;3;0;879;2;0;922;3;0;1137;1;0;1180;3;0;10960;1;0;11047;1;0;11115;1;0;11219;1;0;12153;3;0;12173;4;0;12366;1;0;12636;3;0;12784;3;0;14391;4;0;15197;1;0;15281;1;0;15998;3;0;16277;3;0;16499;1;0;16916;1;0;17106;3;0;17390;3;0;17444;6;0;18062;1;0;18080;3;0;18250;3;0;18253;8;0;18418;1;0;18572;3;0;18755;3;0;18829;12;0;19015;1;0;20057;1;0;20108;1;0;21990;4;0;22058;3;0;22088;3;0;22188;3;0;22572;3;0;22615;3;0;23113;1;0;23131;4;0;23711;3;0;24274;1;0;24321;3;0;24859;1;0;25385;1;0;26341;3;0;26566;1;0;26952;3;0;27428;3;0;27958;3;0;28858;1;0;28968;1;0;29156;1;0;29237;3;0;29243;1;0;29906;6;0;30972;1;0;31064;3;0;31374;1;0;31469;1;0;32406;1;0;33633;1;0;33773;1;0;34703;3;0;36011;3;0;36439;1;0;36455;3;0;36663;1;0;
zhongsam;37377;1;1;
zhongxuan;16313;1;0;
zhongyu;35957;20;0;
zhou;13;3;0;61;3;0;71;3;0;74;1;0;75;5;0;111;2;0;128;1;0;139;3;0;166;2;0;239;1;0;248;3;0;251;1;0;273;15;0;284;3;0;301;1;0;310;1;0;315;1;0;338;1;0;401;3;0;404;3;0;405;4;0;459;6;0;461;1;0;465;1;0;481;1;0;485;1;0;508;6;0;526;9;0;528;6;0;533;9;0;597;2;0;602;3;0;606;3;0;642;1;0;661;3;0;667;6;0;675;3;0;680;3;0;694;2;0;697;6;0;702;3;0;732;2;0;740;3;0;808;2;0;877;6;0;920;1;0;954;1;0;999;1;0;1031;3;0;1082;1;0;1124;3;0;1147;3;0;1151;1;0;2933;1;0;3226;1;0;8753;4;0;9526;1;1;11069;1;0;11816;1;0;12244;1;1;16634;1;0;16916;1;0;16985;3;0;18844;3;0;18908;3;0;19158;1;0;20681;1;0;21141;1;0;23669;5;0;25477;1;0;25656;1;0;25834;5;0;28453;3;0;28562;4;0;29076;1;0;29156;1;0;29230;8;0;30610;2;0;31477;4;0;33494;1;0;35957;144;0;36586;6;0;37354;2;0;37377;1;0;37378;1;0;
zhouimplement;23113;1;0;
zhouinteract;19720;1;0;23113;1;0;
zhoulok;16985;1;0;
zhoumarc;37377;1;1;
zhoumsakshi;23923;11;0;
zhounov;37377;1;0;
zhoupanganamala;11328;1;1;
zhouunivers;11328;6;0;
zhouw;23923;11;0;
zhu;3;1;0;5;1;0;237;1;0;427;1;0;691;3;0;1113;2;0;1227;6;0;1432;7;0;2933;1;0;3217;2;0;6691;4;0;6706;1;1;6710;3;0;8782;1;0;8783;1;0;8784;1;0;8786;1;0;8788;1;0;8789;1;0;9564;1;1;10177;1;0;10250;1;0;10325;1;0;10414;1;0;11069;1;0;11743;29;0;12485;1;0;13683;2;0;15372;1;1;16916;2;0;17052;2;2;17428;25;0;17908;3;3;18051;1;0;18390;10;0;18441;1;0;19664;326;0;19937;654;0;20216;1;0;20953;1;0;22888;1;0;23359;1;0;24369;21;21;25302;2;0;25834;1;0;25981;1;1;27038;59;0;28224;3;0;29434;72;0;30143;3;0;30416;20;0;30492;4;0;30995;35;0;31324;174;0;31356;1;0;31985;1;0;32690;1;0;33236;3;0;33804;4;0;33969;10;0;34033;2;2;34295;20;0;34575;40;0;35803;3;0;35957;23;0;36404;4;0;37321;2;0;37354;1;0;37368;5;5;37376;4;0;
zhuabstractsumm;25722;1;0;
zhualexandra;37376;1;1;
zhuang;389;2;0;2789;1;0;7988;1;0;8741;1;0;12384;1;0;23669;5;0;30143;3;0;37388;18;0;
zhucontribut;21853;1;0;
zhulatest;37368;1;0;
zhungye;28858;1;0;
zhuo;28858;1;0;
zhuojian;23113;1;0;
zhuolin;23669;5;0;
zhuomin;24903;2;2;
zhuoran;37354;1;0;
zhupeopl;9555;1;0;
zhuqiang;25981;1;0;
zhuravno;18446;2;0;25569;6;0;28071;2;2;28233;2;0;34116;16;0;35797;2;2;
zhuravnozhuravno;34116;1;0;
zhuteam;9852;1;0;
zhuzhu;24369;1;1;
zhvillim;9104;1;0;
zi;12640;6;0;
zia;6566;1;0;
zian;37354;2;0;
ziang;20279;1;0;
ziarati;15845;8;0;19864;1;0;
zibulevski;485;1;0;528;3;0;732;1;0;920;1;0;1124;3;0;1147;3;0;
zic;9227;2;0;
zichron;19377;2;0;22337;2;0;32304;10;0;36384;6;0;
ziddio;8452;2;2;
zidillo;7841;1;0;8263;1;0;8452;1;0;
zie;14791;1;0;21187;1;0;23950;1;0;28717;1;0;
zieba;206;1;0;1035;1;0;
ziec;21426;8;0;
ziegler;11579;32;0;14739;27;0;15452;51;0;17428;25;0;17795;33;0;19532;15;0;19937;343;0;19981;21;0;20438;52;0;20985;1;0;22628;3;3;24730;33;0;25360;66;0;28203;4;0;28537;63;0;28730;108;0;28791;22;0;29325;49;0;29356;243;0;31288;1620;0;31324;114;0;31356;1;0;31560;1;0;32125;132;0;32962;75;0;33136;15;0;35208;2;0;35514;20;0;35679;244;0;
zielhierarchi;25477;1;0;
zielstorff;20202;420;0;
zien;3322;1;0;
ziesman;11708;9;0;
zieten;11713;4;0;18984;2;0;
zifei;13934;1;0;
ziff;34481;2;0;
ziffdavi;17301;56;0;
zig;16645;7;0;18984;2;0;
zigbe;749;1;0;1062;14;0;2790;1;0;8788;3;0;
zigzag;11579;23;0;15414;1;0;15618;5;5;16645;9;0;21587;1;0;23939;9;0;31048;217;0;
zigzig;16645;8;0;
zihan;12154;3;0;33419;7;0;35957;21;0;
zihanc3uciedu;33419;7;0;
zijia;10152;1;0;10165;1;0;25282;4;0;
zijian;122;1;0;284;1;0;491;3;0;533;3;0;602;3;0;922;3;0;1137;1;0;1151;1;0;
zijin;37354;2;0;
zijsweg;21577;2;2;
zika;2812;1;1;2845;1;1;6566;1;0;9104;1;0;17361;4;0;31860;11;0;32388;15;0;
zikova;68;2;0;
zilberberg;16677;3;0;
zilberstein;11598;1;0;15073;7;0;18624;3;0;
zilbertrest;16555;4;0;
zilbig;11708;10;0;
zili;3170;2;0;3226;2;0;
zilimetacur;3170;1;0;
zilina;14813;8;0;22337;18;0;27481;20;0;
zilio;4174;1;1;34176;1;0;
zill;15845;16;0;19864;2;0;
zillion;14408;116;0;31288;904;0;
zillow;9592;1;0;9593;1;0;9594;1;0;9595;1;0;9596;1;0;9597;1;0;9598;1;0;9599;1;0;9600;1;0;9601;1;0;9602;1;0;9603;1;0;9604;1;0;9605;1;0;9606;1;0;9607;1;0;9608;1;0;9609;1;0;9610;1;0;9611;1;0;9612;1;0;9613;1;0;9614;1;0;9615;1;0;9616;1;0;9617;1;0;9618;1;0;9619;1;0;9620;1;0;9621;1;0;9622;1;0;9623;1;0;9624;1;0;9625;1;0;9626;1;0;9627;1;0;9628;1;0;9629;1;0;9630;1;0;9631;1;0;9632;1;0;9633;1;0;9634;1;0;9635;1;0;9636;1;0;9637;1;0;9638;1;0;9639;1;0;9640;1;0;9641;1;0;9642;1;0;9643;1;0;9644;1;0;9645;1;0;9646;1;0;9647;1;0;9648;1;0;9649;1;0;9650;1;0;9651;1;0;9652;1;0;9653;1;0;9654;1;0;9655;1;0;9656;1;0;9657;1;0;9658;1;0;9659;1;0;9660;1;0;9661;1;0;9662;1;0;9663;1;0;9664;1;0;9665;1;0;9666;1;0;9667;1;0;9668;1;0;9669;1;0;9670;1;0;9671;1;0;9672;1;0;9673;1;0;9674;1;0;9675;1;0;9676;1;0;9677;1;0;9678;1;0;9679;1;0;9680;1;0;9681;3;3;9682;1;0;9683;1;0;9684;1;0;9685;1;0;9686;1;0;9687;1;0;9688;1;0;9689;1;0;9690;1;0;9691;1;0;9692;1;0;9693;1;0;9694;1;0;9695;1;0;9696;1;0;9697;1;0;9698;1;0;9699;1;0;9700;1;0;9701;1;0;9702;1;0;9703;1;0;9704;1;0;9705;1;0;9706;1;0;9707;1;0;9708;1;0;9709;1;0;9710;1;0;9711;1;0;9712;1;0;9713;1;0;9714;1;0;9715;1;0;9716;1;0;9717;1;0;9718;1;0;9719;1;0;9720;1;0;9721;1;0;9722;1;0;9723;1;0;9724;1;0;9725;1;0;9726;1;0;9727;1;0;9728;1;0;9729;1;0;9730;1;0;9731;1;0;9732;1;0;9733;1;0;9734;1;0;9735;1;0;9736;1;0;9737;1;0;9738;1;0;9739;1;0;9740;1;0;9741;1;0;9742;1;0;9743;1;0;9744;1;0;9745;1;0;9746;1;0;9747;1;0;9748;1;0;9749;1;0;9750;1;0;9751;1;0;9752;1;0;9753;1;0;9754;1;0;9755;1;0;9756;1;0;9757;1;0;9758;1;0;9759;1;0;9760;1;0;9761;1;0;9762;1;0;9763;1;0;9764;1;0;9765;1;0;9766;1;0;9767;1;0;9768;1;0;9769;1;0;9770;1;0;9771;1;0;9772;1;0;9773;1;0;9774;1;0;9775;1;0;9776;1;0;9777;1;0;9778;1;0;9779;1;0;9780;1;0;9781;1;0;9782;1;0;9783;1;0;9784;1;0;9785;1;0;9786;1;0;9787;1;0;9788;1;0;9789;1;0;9790;1;0;9791;1;0;9792;1;0;9793;1;0;9794;1;0;9795;1;0;9796;1;0;9797;1;0;9798;1;0;9799;1;0;9800;1;0;9801;1;0;9802;1;0;9803;1;0;9804;1;0;9805;1;0;9806;1;0;9807;1;0;9808;1;0;9809;1;0;9810;1;0;9811;1;0;9812;1;0;9813;1;0;9814;1;0;9815;1;0;9816;1;0;9817;1;0;9818;1;0;9819;1;0;9820;1;0;9821;1;0;9822;1;0;9823;1;0;9824;1;0;9825;1;0;9826;1;0;9827;1;0;9828;1;0;9829;1;0;9830;1;0;9831;1;0;9832;1;0;9833;1;0;9834;1;0;9835;1;0;9836;1;0;9837;1;0;9838;1;0;9839;1;0;9840;1;0;9841;1;0;9842;1;0;9843;1;0;9844;1;0;9845;1;0;9846;1;0;9847;1;0;9848;1;0;9849;1;0;9850;1;0;9851;1;0;9852;1;0;9853;1;0;9854;1;0;9855;1;0;9856;1;0;9857;1;0;9858;1;0;9859;1;0;9860;1;0;9861;1;0;9862;1;0;9863;1;0;9864;1;0;9865;1;0;9866;1;0;9867;1;0;9868;1;0;9869;1;0;9870;1;0;9871;1;0;9872;1;0;9873;1;0;9874;1;0;9875;1;0;9876;1;0;9877;1;0;9878;1;0;9879;1;0;9880;1;0;9881;1;0;9882;1;0;9883;1;0;9884;1;0;9885;1;0;9886;1;0;9887;1;0;9888;1;0;9889;1;0;9890;1;0;9891;1;0;9892;1;0;9893;1;0;9894;1;0;9895;1;0;9896;1;0;9897;1;0;9898;1;0;9899;1;0;9900;1;0;9901;1;0;9902;1;0;9903;1;0;9904;1;0;9905;1;0;9906;1;0;9907;1;0;9908;1;0;9909;1;0;9910;1;0;9911;1;0;9912;1;0;9913;1;0;9914;1;0;9915;1;0;9916;1;0;9917;1;0;9918;1;0;9919;1;0;9920;1;0;9921;1;0;9922;1;0;9923;1;0;9924;1;0;9925;1;0;9926;1;0;9927;1;0;9928;1;0;9929;1;0;9930;1;0;9931;1;0;9932;1;0;9933;1;0;9934;1;0;9935;1;0;9936;1;0;9937;1;0;9938;1;0;9939;1;0;9940;1;0;9941;1;0;9942;1;0;9943;1;0;9944;1;0;9945;1;0;9946;1;0;9947;1;0;9948;1;0;9949;1;0;9950;1;0;9951;1;0;9952;1;0;9953;1;0;9954;1;0;9955;1;0;9956;1;0;9957;1;0;9958;1;0;9959;1;0;9960;1;0;9961;1;0;9962;1;0;9963;1;0;9964;1;0;9965;1;0;9966;1;0;9967;1;0;9968;1;0;9969;1;0;9970;1;0;9971;1;0;9972;1;0;9973;1;0;9974;1;0;9975;1;0;9976;1;0;9977;1;0;9978;1;0;9979;1;0;9980;1;0;9981;1;0;9982;1;0;9983;1;0;9984;1;0;9985;1;0;9986;1;0;9987;1;0;9988;1;0;9989;1;0;9990;1;0;9991;1;0;9992;1;0;9993;1;0;9994;1;0;9995;1;0;9996;1;0;9997;1;0;9998;1;0;9999;1;0;10000;1;0;10001;1;0;10002;1;0;10003;1;0;10004;1;0;10005;1;0;10006;1;0;10007;1;0;10008;1;0;10009;1;0;10010;1;0;10011;1;0;10012;1;0;10013;1;0;10014;1;0;10015;1;0;10016;1;0;10017;1;0;10018;1;0;10019;1;0;10020;1;0;10021;1;0;10022;1;0;10023;1;0;10024;1;0;10025;1;0;10026;1;0;10027;1;0;10028;1;0;10029;1;0;10030;1;0;10031;1;0;10032;1;0;10033;1;0;10034;1;0;10035;1;0;10036;1;0;10037;1;0;10038;1;0;10039;1;0;10040;1;0;10041;1;0;10042;1;0;10043;1;0;10044;1;0;10045;1;0;10046;1;0;10047;1;0;10048;1;0;10049;1;0;10050;1;0;10051;1;0;10052;1;0;10053;1;0;10054;1;0;10055;1;0;10056;1;0;10057;1;0;10058;1;0;10059;1;0;10060;1;0;10061;1;0;10062;1;0;10063;1;0;10064;1;0;10065;1;0;10066;1;0;10067;1;0;10068;1;0;10069;1;0;10070;1;0;10071;1;0;10072;1;0;10073;1;0;10074;1;0;10075;1;0;10076;1;0;10077;1;0;10078;1;0;10079;1;0;10080;1;0;10081;1;0;10082;1;0;10083;1;0;10084;1;0;10085;1;0;10086;1;0;10087;1;0;10088;1;0;10089;1;0;10090;1;0;10091;1;0;10092;1;0;10093;1;0;10094;1;0;10095;1;0;10096;1;0;10097;1;0;10098;1;0;10099;1;0;10100;1;0;10101;1;0;10102;1;0;10103;1;0;10104;1;0;10105;1;0;10106;1;0;10107;1;0;10108;1;0;10109;1;0;10110;1;0;10111;1;0;10112;1;0;10113;1;0;10114;1;0;10115;1;0;10116;1;0;10117;1;0;10118;1;0;10119;1;0;10120;1;0;10121;1;0;10122;1;0;10123;1;0;10124;1;0;10125;1;0;10126;1;0;10127;1;0;10128;1;0;10129;1;0;10723;36;0;27381;1;0;27479;13;0;
zilversmit;14663;8;0;
zilversmitne;14663;2;0;
zima;14291;5;0;21154;1;0;29731;1;0;30330;1;0;32152;5;0;
zimag;3245;4;0;
zimand;28730;133;0;
zimbabweth;8695;1;0;
zimdar;6710;1;0;
zimerman;6607;1;0;
zimmer;294;1;0;21192;2;2;25470;7;0;35957;44;0;36294;12;0;36636;2;0;37313;1;0;
zimmerman;6615;1;0;11847;1;0;12552;80;0;15795;4;0;16677;3;0;27481;15;0;27589;77;0;31288;905;0;32727;18;0;36763;8;0;
zimmermann;8770;3;0;12288;3;0;12552;9;0;16677;3;0;22337;9;0;35134;10;0;
zimmermann92sara5;22337;1;0;
zimmermannnot;22337;1;0;
zimmerspitz;33341;6;0;
zimna;16555;4;0;
zin;13040;1;0;16290;1;0;
zinc;972;1;0;
zindex;13340;1;1;
zine;9427;1;0;30034;18;0;36965;1;0;
zinesonlin;28945;19;0;
zink;31637;2;0;32539;2;0;
zinkevich;18624;2;0;
zinn;11900;1;0;12728;1;0;13325;1;0;16254;1;0;31372;1;0;
zinsert4;14347;5;0;
zioga;11069;1;0;19158;1;0;
zion;11713;2;0;12120;3;0;17423;1;1;17903;1;1;18446;2;0;20702;1;1;22041;3;0;22185;2;2;24282;2;2;25034;1;1;26321;2;2;27481;3;0;28233;2;0;29524;2;0;29976;1;1;34116;4;0;35177;2;2;35278;4;0;
zionhayden;28103;1;1;
zionist;35757;2;0;35777;3;0;
ziontaken;15188;1;0;28103;1;0;
ziontimothi;15188;1;1;
zip;142;1;0;245;1;0;409;3;0;521;1;0;548;1;0;587;4;0;609;1;0;824;1;0;860;1;0;872;1;0;914;1;0;1017;2;0;1057;1;0;1062;1;0;2803;2;0;3016;2;0;3062;1;0;4539;1;0;4570;1;0;4572;2;0;4573;1;0;4586;1;0;4590;1;0;4591;1;0;4596;1;0;4597;1;0;4604;1;0;4610;1;0;4620;1;0;4630;6;6;4635;1;0;4637;2;0;4653;2;0;4660;1;0;4674;2;0;4714;1;0;4737;2;0;4750;1;0;4751;1;0;4757;1;0;4764;2;0;4811;1;0;4836;5;0;4846;2;0;4850;1;0;4860;2;0;4867;1;0;4872;1;0;4888;1;0;4894;1;0;4904;1;0;4905;2;0;4930;2;0;4933;1;0;4941;1;0;4953;1;0;4965;1;0;4967;1;0;4986;1;0;4993;1;0;4997;1;0;5026;1;0;5058;1;0;5063;1;0;5088;1;0;5092;1;0;5112;1;0;5114;1;0;5121;1;0;5126;1;0;5139;1;0;5181;1;0;5226;1;0;5257;1;0;5317;1;0;5333;1;0;5357;1;0;5396;1;0;5448;1;0;5452;2;0;5471;1;0;5481;1;0;5527;1;0;5602;1;0;5626;1;0;5729;1;0;5784;1;0;5819;1;0;5903;1;0;5951;1;0;5969;1;0;5997;1;0;6623;1;0;9055;1;0;9163;1;0;9230;2;0;9286;1;0;9366;32;0;9690;1;0;10689;1;0;10772;3;3;11017;1;0;11062;9;0;11260;3;0;11863;3;0;11898;3;0;12066;4;4;12217;14;0;12241;3;0;12259;1;0;12353;1;0;12364;3;0;12693;41;0;12715;17;0;12760;2;0;12770;1;0;12845;8;0;12880;1;0;12967;6;0;13049;4;0;13659;3;0;13780;2;2;14130;2;0;14185;1;0;14235;26;0;14272;7;0;14347;10;0;14649;8;0;15029;8;0;15213;1;0;15685;2;0;15964;4;0;16390;8;0;16466;3;0;16590;3;0;16834;4;0;16933;1;0;17234;9;9;17301;65;0;17367;4;0;17489;1;0;18027;6;0;18691;14;0;18696;1;0;18788;3;0;18952;2;0;19087;3;0;19089;3;0;19474;1;0;19562;1;0;19689;4;0;19965;7;0;20092;85;0;20206;7;0;20338;1;0;20355;1;0;20457;3;3;20584;2;0;20619;1;0;21264;4;0;22173;6;0;22283;1;0;22287;5;0;22515;2;2;22932;1;0;23026;2;0;23131;3;0;23434;1;0;23983;94;0;24128;4;0;24510;4;0;24654;4;0;24931;1;0;24975;3;0;25471;14;0;25486;1;0;25711;1;0;25894;8;8;26116;2;0;26117;3;0;26662;25;0;26921;5;0;27683;7;0;27942;2;0;28197;1;0;28246;6;0;28796;12;0;29139;1;0;29508;2;2;29614;2;0;30458;2;0;30597;2;2;30731;2;0;30753;1;0;30804;2;0;31570;3;0;32205;3;0;32318;1;0;32502;2;0;32810;3;0;32824;3;0;32895;12;0;32999;9;0;33091;2;2;33830;3;3;33877;40;0;34240;13;0;34284;2;0;34608;1;0;34714;5;5;35222;13;0;35250;1;0;35320;14;0;35494;3;0;36029;2;0;36475;3;0;
zipcod;409;2;0;11609;2;0;13762;3;0;31304;1;0;
ziphom;28458;1;1;
zipi;19377;22;0;23472;4;0;
zipkin;36384;6;0;
ziploc;12055;162;0;
zipora;12963;4;0;19377;4;0;23472;4;0;
ziporafeigesh;19377;2;0;
ziporyn;27225;95;0;
zipper;18078;1;0;23158;1;0;27779;1;1;
zipperzippertaken;29117;1;0;
zippi;14053;1;1;17099;1;1;17781;1;1;17947;1;1;18076;1;1;22921;1;1;24872;1;1;25496;23;0;27642;1;1;28571;1;1;28973;1;1;29840;1;1;30036;1;1;31218;1;0;33032;1;0;33792;1;1;34047;1;1;35734;1;1;
zippl;15029;9;9;28246;7;7;
zipporah;16677;3;0;29704;3;0;
zippost;30350;1;0;32980;1;0;
zippyzippytaken;28079;1;0;35493;1;0;
zipunzip;4596;1;0;4737;1;0;4757;1;0;5452;1;0;
zirel;33096;3;0;
zirkl;14236;1;0;
zisel;11708;5;0;14813;5;0;
ziseltot;12552;24;0;
zish;30288;78;0;
zisha;15163;2;0;16677;3;0;
zishun;22517;1;0;
ziskind;16555;4;0;30288;11;0;
zisl;30288;52;0;
zisman;8770;1;0;
zissel;15163;2;0;16677;3;0;22337;2;0;30288;12;0;32059;8;0;
zisserman;12461;3;0;31762;2;0;
zisserman6;24972;1;0;
zisserman7;16675;1;0;
ziv;6989;1;1;10276;2;0;10281;1;0;10807;3;0;13051;3;0;13111;4;0;13635;3;3;14227;1;0;14234;1;0;14415;11;0;14442;4;0;14478;4;0;14584;26;0;15592;4;4;15624;11;0;16492;4;0;16735;50;0;17380;2;0;18030;4;0;18201;7;0;19102;5;0;19263;4;0;19742;11;0;20484;21;21;20548;4;0;20626;2;0;20853;1;0;20881;11;0;21126;18;0;21188;24;0;21720;2;0;21721;4;0;21922;4;0;22220;7;7;22890;3;0;22891;19;19;23167;3;0;23423;4;4;24610;4;0;24760;3;0;24773;6;0;25006;2;0;25236;7;0;25859;1;0;25929;2;0;26518;9;0;27065;2;0;27110;4;0;27589;157;0;27736;59;0;27846;4;4;28797;7;0;28827;5;0;29031;16;0;29608;20;0;30143;12;0;30539;34;0;30651;1;0;32434;44;44;35381;1;0;35453;10;0;36032;3;0;36586;20;0;36740;1;0;36764;5;5;36814;1;0;36832;3;3;36839;3;0;36864;3;0;36947;5;5;36966;1;0;37047;1;0;37052;1;0;37058;6;0;37081;3;0;37097;1;0;37119;1;0;37148;2;2;37152;3;3;37163;3;3;37210;1;0;37213;2;0;37249;1;0;37281;2;2;
ziv97;26518;5;0;28827;4;0;
zivaccount;10482;1;0;
zivan;36195;1;0;
zivbas;18030;3;0;21188;9;0;
zivhadar;15193;1;1;
zivicsuciedu;13635;1;0;17380;2;0;21720;2;0;23423;2;2;27065;2;0;36764;1;0;
zivilprozessordnung;13817;134;0;
zivin;36947;1;0;
zivinspir;36764;1;1;
zivjavabayesianexamplehtml;26518;4;0;
zivmi;15193;1;1;
zivni;11816;1;0;32039;1;0;
zivread;37148;1;0;37163;1;0;37281;1;0;
zivth;20484;1;0;22220;1;0;
zivuciedu;25929;2;0;
zivug;22356;2;0;
zivzivicsucieduobjectori;13635;1;1;
ziwieszaibush;15019;2;0;
ziwj;14006;16;0;
ziyatdinov;875;8;0;
ziyu;9852;1;0;
zizhan;12702;1;0;
zj;2803;8;0;
zk;15142;17;0;24776;2;0;31690;2;0;
zkp;24776;2;0;
zl;7;1;0;23546;2;0;28947;3;0;30288;2;0;36384;1;0;
zlab;24300;2;0;35105;7;0;
zlata;12347;8;0;34485;2;0;
zlate;13705;1;0;16677;3;0;17866;4;4;18658;3;0;22337;9;0;28743;1;0;34025;3;0;
zlatta;16677;3;0;
zlayout;33233;1;0;
zlhi;28947;3;0;36384;1;0;
zliblibpng;29906;1;0;
zliczaniem;17457;2;0;
zliftallvvffd;11579;10;10;
zliftallvvzallfacesvvdd;11579;13;13;
zliftfacevvfd;11579;13;13;
zliftvectorvvfid;11579;12;12;
zlota;34485;1;0;
zloti;14878;11;0;21463;53;0;
zlotnik;29301;19;0;
zlotogurski;11708;3;0;
zlotysthi;21463;1;0;
zm;7;1;0;
zmac;25162;1;1;
zmakepolygon;11579;69;69;
zmakepolygonf;11579;14;14;
zmb;16735;12;0;
zmessag;21472;2;2;
zmigrod;30288;8;0;
zmodem;24245;2;0;
zmynd19;1823;1;1;
zn;11069;2;0;24776;1;0;
zn1;16624;1;0;
znawstwem;17457;2;0;
zne;972;1;0;
znewfacesvvffid;11579;10;10;
znextf;11579;28;28;
znf146;1641;1;1;
znf202;2545;1;1;
znf276;2100;1;1;
znf480;2752;1;1;
znf598;2708;1;1;
znf664;1849;1;1;
znormal;1106;1;0;
znote;13398;1;0;18093;1;0;
znotif;21472;2;2;
znotificationto;21472;1;0;
zo;7939;1;0;19158;14;0;
zo95;21126;17;0;27736;19;0;
zobel;25580;2;0;
zobi;14525;22;0;30788;8;0;
zobrist;12725;10;0;22941;11;0;24787;7;0;
zochiya;36384;4;0;
zodi;1227;1;0;1432;1;0;30416;1;0;
zoe;28288;1;1;37354;1;0;
zoebethnjaolcom;10697;6;0;24991;2;0;
zoeprincip;14176;1;1;
zoetaken;14176;1;0;
zofia;14813;4;0;22337;2;0;
zog;18242;5;0;
zohar;15073;10;0;24771;1;0;
zoheb;17959;1;0;23113;1;0;
zohreh;15845;8;0;19864;1;0;
zoi;23113;1;0;
zoid;17439;1;1;24782;2;2;27654;2;2;31749;1;1;31852;1;1;33425;1;1;35316;1;1;
zoidsfour;16450;1;1;
zoidsryan;13160;1;1;
zoidstaken;13160;1;0;16450;1;0;
zoidszoid;23233;1;1;
zoldfacesvvffid;11579;8;8;
zolkiew;21463;3;0;30288;25;0;
zollikof;13934;2;0;26871;1;0;
zoloft;36889;1;0;
zoltan;592;1;0;
zomato;1181;1;0;
zombi;9441;1;0;9463;1;0;12768;1;0;13591;1;0;
zome;24289;132;0;25360;118;0;31288;1946;0;
zomebas;29356;153;0;31288;843;0;
zometool;11112;29;0;17405;628;0;20012;12;0;21024;66;0;24289;85;0;31201;79;0;31288;3500;0;
zomorodi;11622;3;0;16617;3;0;
zona;21426;64;0;
zonal;806;2;0;
zondervan;17726;3;0;
zondin;17535;1;0;
zone;225;1;0;228;1;0;3043;2;0;3057;2;0;3073;2;0;3082;2;0;3084;1;0;3098;1;0;3125;1;0;3126;1;0;3129;1;0;3140;3;0;3170;1;0;4711;3;0;7180;1;0;7552;1;0;8352;1;0;8552;1;0;8695;1;0;10139;2;0;10276;1;0;10281;1;0;10455;1;0;11579;18;0;11743;37;0;12640;7;0;12702;1;0;14484;2;0;15185;1;0;16555;4;0;16566;1;0;17118;2;0;17332;2;0;17437;12;0;17500;3;0;18644;1;0;20138;432;0;20745;1;0;20853;1;0;24127;4;0;24779;1;0;24982;1;0;25375;3;0;25490;30;0;27225;638;0;27381;1;0;27403;14;0;27853;1;0;28199;3;0;28460;35;0;28804;8;0;28961;3;0;29556;24;0;29969;19;0;30115;2;2;30216;2;2;31014;1;0;31951;1;0;32114;4;0;32871;9;0;32946;5;0;33115;3;0;34091;6;0;36730;1;0;36735;1;0;36763;1;0;36887;1;0;37089;1;0;37164;1;0;37202;1;0;37307;1;0;37324;1;0;
zonecircle71005;11579;26;26;
zonecirclenxi;11579;26;26;
zonedistinguish;10139;1;0;
zonefun;25904;1;1;34549;1;1;
zones5;20138;59;0;
zonetaken;25904;1;0;34549;1;0;
zoneth;10139;1;0;
zongheng;10250;1;0;13829;1;0;14633;1;0;19927;1;0;
zongkai;363;1;0;
zonglin;22517;1;0;
zongzhang;35957;36;0;
zonogon;11995;36;0;31288;1828;0;
zonohedra;11579;96;96;11995;48;48;12640;6;0;14397;10;0;14941;13;0;17405;509;0;19262;4;4;19937;354;0;20122;54;0;21024;17;0;23152;224;0;25360;73;0;26408;102;0;26567;46;0;27126;110;0;28730;524;0;29328;18;0;29356;162;0;31288;4460;0;32125;192;0;32962;83;0;34212;14;0;35679;268;0;35794;17;0;
zonohedrif;11995;15;0;31288;909;0;
zonohedron;11579;131;131;11995;61;0;12640;8;0;18157;355;0;24289;91;0;25360;77;0;31201;72;0;31288;5855;0;32962;79;0;36078;10;0;
zonohedron0sqrt31sqrt301;11579;17;17;
zonohedron100010001;11579;14;14;
zonohedron10goldenratio10goldenratio;11579;44;44;
zonohedron110110101101;11579;53;53;
zonohedron111111111111;11579;35;35;
zonohedron1sqrt301sqrt30200002;11579;14;14;
zonohedron200020002;11579;14;14;
zonohedrondissect;17405;221;0;31288;796;0;35045;39;0;35098;36;0;
zonohedronvv;11579;14;14;
zonohedronzonecircle911;11579;26;26;
zonotil;11995;18;0;31288;914;0;
zonotop;11487;19;0;11579;243;243;11872;12;0;11995;33;33;12640;60;0;13610;2;0;14064;148;148;14397;30;30;14751;56;56;17405;245;0;18157;289;0;19262;4;4;19937;1125;1125;20122;54;0;23152;224;0;25360;73;0;26567;46;0;27126;140;140;28730;822;822;28856;1;0;29328;18;0;29356;162;0;31288;2682;0;31324;49;0;32030;36;36;32125;192;0;32832;22;0;34889;2;0;35679;823;823;35791;60;60;35890;2;0;36026;206;206;
zonotope110010101001;11579;28;28;
zonotopenvv3;11579;14;14;
zonotopesdavid;11579;1;1;
zonotopeszonohedra;11579;1;1;
zonotopevvd;11579;13;13;
zonta;13359;3;0;20724;1;1;27586;14;14;36968;3;3;37009;4;4;37288;3;3;
zoo;61;3;0;84;3;0;219;6;0;248;6;0;315;2;2;384;3;0;404;6;0;426;1;0;459;3;0;508;3;0;528;3;0;533;3;0;606;60;60;667;6;0;675;3;0;680;6;0;691;6;0;697;3;0;922;6;0;1180;3;0;10250;2;2;11642;1;1;13711;1;1;13790;1;1;14083;13;0;15545;1;1;17405;264;0;18433;1;1;19020;1;1;19941;1;1;20674;2;2;21813;1;1;23927;1;1;26159;1;1;29253;2;0;30250;1;1;30363;1;0;31288;983;0;34643;42;0;35957;10;0;36841;1;0;
zoocousin;21813;1;1;
zoocoyot;22642;1;1;
zookstaken;29842;1;0;
zooksyook;29842;1;1;
zoolo;30250;1;1;
zoolog;726;3;0;3036;1;0;3057;1;0;14484;1;0;15011;1;0;16467;1;0;17405;194;0;19965;24;0;20138;249;0;23636;80;0;23907;108;0;31288;1057;0;
zoologyregion;19965;1;0;
zoom;6526;1;0;6681;1;0;7053;1;0;7294;1;0;7339;3;0;7494;1;0;8180;1;0;8625;1;0;8661;1;0;10601;4;0;12375;1;0;13990;4;0;15252;9;0;19891;10;0;19953;3;0;20687;2;0;21814;1;0;23923;3;0;24463;6;0;25392;17;0;26598;1;0;30385;7;0;31523;2;0;32895;2;0;37390;4;0;
zoombiecam;25392;17;0;
zoomin;7320;1;0;7339;1;0;7687;1;0;8091;1;0;8097;1;0;
zoomout;7339;1;0;
zoomrob;16520;1;1;
zoomscrol;18253;17;0;26743;62;0;
zoomscrollzoomscrol;18253;1;1;26743;1;1;
zoomtaken;16520;1;0;
zoomzoom;7389;1;0;8011;1;0;8540;1;0;
zoopet;16881;1;1;
zoosan;13711;1;1;23927;1;1;
zoot;30995;84;0;
zootaken;16881;1;0;22642;1;0;
zooth;19941;1;1;
zoran;201;3;0;642;1;0;9463;1;0;28562;30;0;30409;1;0;35957;31;0;
zorchtxt;1178;1;0;
zorder;11969;1;0;
zoriginvv;11579;46;46;
zoriginvvvvi;11579;11;11;
zoriginvvzoriginvv;11579;12;12;
zorina;11708;8;0;
zorn;24531;1;0;
zorro;30876;2;0;
zorrozorrotaken;20001;1;0;
zoruch;34485;3;0;
zot;10466;2;0;11060;3;0;11172;3;0;15300;12;0;16991;2;2;17249;1;0;18153;1;0;19352;20;0;19983;45;0;22803;34;0;23447;2;2;26838;1;0;29128;1;0;32301;1;0;33115;3;0;
zotbil;6884;1;0;
zotbin;10316;1;0;12154;7;0;12568;4;0;
zotbinsschedul;12568;1;0;
zotbot;10207;1;0;
zotero;9441;1;0;9449;1;0;9453;2;2;9462;1;1;9473;7;0;
zotfind;32434;41;41;36898;1;1;36966;1;0;37058;2;0;37081;4;4;37210;1;0;37311;1;1;
zotfinderpost;37058;1;0;37081;1;0;
zotfinderseptemb;37081;1;1;
zotgraderjarher;36137;1;0;
zotgradesxl;36137;1;0;
zotlink;36984;2;0;
zotlinkrel;10032;1;0;
zotmor;10466;1;0;
zotmyhealth;12657;3;0;21686;5;5;
zotpark;28511;3;0;
zotpark2nd;28511;2;0;
zotwir;23037;1;0;
zou;217;2;0;17720;15;0;18935;24;24;24482;4;0;28562;1;0;35957;23;0;37315;4;4;37324;2;2;37354;1;0;
zoubin;592;2;0;755;6;0;24714;1;0;24771;1;0;28562;6;0;
zoya;18611;1;1;
zoyajessa;13107;1;1;28017;1;1;
zoyataken;13107;1;0;28017;1;0;
zp;13433;4;0;25506;1;0;
zpo;13817;134;0;
zpofootnot;13817;133;0;
zq;736;2;0;
zqwork;13620;1;0;
zranb2;1531;1;1;
zrk96;21126;10;0;27736;20;0;
zscore;6982;12;0;
zscorebbl;6982;1;0;
zscoreszscoreweightedz;6982;1;0;
zscoreweight;6982;1;1;
zseni;18984;2;0;22895;3;0;
zsetek;13705;1;0;28743;1;0;
zsh;9411;2;0;
zshani;25834;1;0;
zshrc;24302;28;0;
zsido;20797;2;0;
zsigmon;27563;2;0;
zsigmond;28214;17;0;
zsigntestvv;11579;21;21;
zsigntestvvf;11579;7;7;
zsolt;676;1;0;1021;4;0;
zsquarepiecetyp;24787;7;0;
zstack;3051;1;0;
ztaken;25162;1;0;
zte;19349;1;0;
zthe;13398;1;0;29972;1;0;
zthi;26816;1;0;
ztl;14580;8;0;18802;2;0;
ztransform;251;1;0;
ztuplesi1ff;11579;10;10;
ztuplesid1ff;11579;10;10;
ztuplesidff;11579;10;10;
ztv;7055;2;0;7997;2;0;8316;3;0;
ztvwhat;8316;1;0;
zu;15144;3;0;25477;2;0;
zubek;9472;2;2;11112;30;0;17405;247;0;20438;63;0;28537;67;0;31288;917;0;34212;57;0;
zuber;23154;2;0;31712;4;0;35278;4;0;
zubiaga;26;2;0;
zuboff;20138;260;0;36763;1;0;
zubrod;1035;1;0;
zucca;12182;42;0;13057;8;0;14408;327;0;18157;186;0;19283;14;0;21024;75;0;23175;4;0;23907;27;0;31288;4894;0;33299;16;0;34212;35;0;
zucker;10254;1;0;10472;1;0;15691;2;0;16555;2;0;28689;1;1;33341;3;0;
zuckerberg;7547;1;0;8657;1;0;10368;1;1;10390;1;0;10411;2;2;10789;4;0;11680;5;0;12904;6;6;22077;21;0;23202;1;0;
zuckerbret;18984;2;0;
zuckerman;12300;12;0;15691;2;0;16196;1;1;29001;41;0;31328;1;0;
zuckerman2013;11328;1;1;
zuckermanunivers;11328;6;0;
zuckieaolcom;16555;2;0;
zudeo;8368;1;0;
zue;25715;1;0;
zuerich;22019;8;0;33141;1;1;
zuest;6566;3;0;
zuetel;25496;27;0;
zuev;2928;1;0;2970;2;0;
zugang;25477;1;0;
zugangssystem;25477;1;0;
zugzwang;23549;52;0;
zuid;16294;1;1;24823;1;1;
zuk;1227;1;0;1432;1;0;30416;1;0;
zukerman;30288;9;0;
zuletzt;11934;1;0;
zulfiqar;604;1;0;
zultak;33341;3;0;
zum;37;1;0;52;1;0;74;1;0;84;3;0;95;3;0;100;3;0;105;1;0;113;3;0;139;3;0;219;3;0;239;1;0;284;1;0;308;1;0;315;1;0;355;1;0;526;3;0;528;3;0;533;3;0;606;3;0;642;1;0;661;3;0;667;3;0;694;1;0;702;1;0;726;3;0;732;1;0;874;1;0;877;3;0;1011;1;0;1031;3;0;1061;1;0;1180;3;0;25477;2;0;
zuozhi;6752;1;1;10250;1;0;
zupan;164;2;0;427;1;0;691;3;0;879;2;0;18751;1;0;21454;80;0;29612;1;0;
zur;3190;1;0;8770;1;0;11932;2;0;25477;3;0;
zurada;30;3;0;95;3;0;134;3;0;159;1;0;297;1;0;462;1;0;489;1;0;602;3;0;667;3;0;874;1;0;922;3;0;1031;3;0;1137;1;0;1151;1;0;
zurah;34116;2;0;
zuravnow;34116;2;0;
zurawn;18446;2;0;28233;2;0;34116;6;0;
zurawno;34116;2;0;
zurich;237;1;0;310;1;0;445;3;0;536;4;0;702;2;0;2935;1;0;3043;1;0;3094;2;0;3096;3;3;3102;3;3;3136;3;3;3143;3;3;6528;1;0;7203;1;0;7835;1;0;8023;2;0;8714;1;0;8770;2;0;9022;3;0;9356;1;0;10236;1;0;10278;5;0;11328;7;7;11708;10;0;12714;2;0;15077;1;0;15809;1;0;16871;4;0;17258;1;0;17282;15;0;19283;21;0;20836;8;0;22019;16;0;23135;2;0;25477;1;0;26038;6;0;30288;4;0;31201;3;0;31288;1120;0;32188;1;0;32904;140;0;33299;5;0;33524;1;1;33674;2;0;35208;1;0;
zurichfor;11328;6;0;
zurichin;35208;1;0;
zurichinternoomasoftwar;18746;1;0;
zurichvis;28124;1;0;
zush;12439;2;0;
zusha;15163;6;0;16666;6;0;16677;9;0;30288;23;0;34025;5;0;
zushi;32152;1;0;
zustandsã¼berwachung;9;1;0;
zustimmung;13817;10;0;
zutra;21014;8;0;
zuzana;15554;1;1;32796;1;1;33925;1;1;
zuzka;19012;1;1;25079;1;1;31400;1;1;35327;1;1;
zuzkabasit;18991;1;1;
zuzkataken;18991;1;0;
zuzkazuzkataken;30504;1;0;
zvb14;231;2;0;
zvecplu;11579;81;81;
zvecplusav;11579;13;13;
zvecplusv;11579;13;13;
zvector;13709;1;0;
zvent;7180;1;0;7970;1;0;8263;1;0;8519;1;0;
zvi;11708;3;0;12346;2;0;12471;17;0;12963;4;0;15163;4;0;15601;6;0;15795;4;0;16666;55;0;16677;30;0;17405;226;0;17729;1;0;18289;3;0;19106;2;0;19937;568;0;22011;1;0;22019;44;0;22356;26;26;23089;4;0;24991;2;2;28730;2888;2888;28947;9;0;29156;1;0;29356;146;0;29459;2;0;29704;15;0;30288;134;0;31288;820;0;31342;4;0;31356;1;0;32059;26;0;32413;2;0;33341;6;0;33877;67;67;34025;22;0;34485;1;0;
zvika;19900;5;0;
zviya;36384;12;0;
zvon;11773;1;1;12058;1;1;12098;1;1;14708;1;1;16756;1;1;16903;1;1;20111;1;1;20932;1;1;22204;1;1;22438;1;1;24679;1;1;27722;1;1;27844;1;1;28448;1;1;29381;1;1;31231;1;1;31529;1;1;32542;1;1;33209;1;1;35545;1;1;
zvona;75;1;0;
zvonimir;18667;2;0;25482;2;0;
zvop;23989;1;0;
zw;34619;5;0;
zw98;21386;145;0;
zweck;37;1;0;52;1;0;74;1;0;84;3;0;95;3;0;100;3;0;105;1;0;113;3;0;139;3;0;219;3;0;239;1;0;284;1;0;308;1;0;315;1;0;355;1;0;526;3;0;528;3;0;533;3;0;606;3;0;642;1;0;661;3;0;667;3;0;694;1;0;702;1;0;726;3;0;732;1;0;874;1;0;877;3;0;1011;1;0;1031;3;0;1061;1;0;1180;3;0;
zweig;15691;2;0;16529;1;1;33096;3;0;
zweik;11708;11;0;
zwettel;14878;20;0;
zwi;33341;3;0;36384;6;0;
zwick;16610;1;0;26870;1;0;29438;2;0;
zwierzen;11346;4;0;
zwiesicmo;18984;2;0;
zwiesiem;18984;2;0;
zwitter;84;6;0;308;1;0;726;3;0;743;6;0;987;1;0;
związanych;17457;2;0;
zx;25783;1;0;
zxj10;19349;1;0;
zxvf;3245;1;0;9055;1;0;
zxyxb;29217;2;0;
zyant;12777;1;0;12851;1;0;25068;1;0;26850;1;0;28909;1;0;30362;1;0;30438;1;0;
zyb;29217;4;0;
zybook;6884;1;0;10399;1;0;13470;7;0;15499;4;0;21872;1;0;23972;5;0;31700;3;0;32685;1;1;34785;101;101;35076;6;0;36060;1;0;
zybookscom;23972;1;0;
zybooksdomest;6895;1;0;
zybookswith;34785;8;0;
zyda;15163;10;0;16677;15;0;
zydow;14878;24;0;21426;24;0;29301;38;0;33341;2;0;
zydowski;14878;32;0;29301;47;0;
zydowskim;21426;3;0;
zydzi;14878;28;0;21463;3;0;29301;43;0;
zygman;11708;14;0;
zygmut;25715;1;0;
zylbertrest;16555;10;0;
zylinskipres;23867;1;1;
zyliu;34869;4;0;
zyliusjuli;34869;1;0;
zyliusuci;16820;12;0;26967;5;0;
zyliusucitelepres;26967;1;0;
zymogenet;1025;1;0;
zynet;31754;4;0;
zynga;9104;1;0;32359;1;0;
zyr;26893;20;0;
zysgeld;34485;3;0;
zyskiel;35278;4;0;
zyskind;16555;4;0;
zyu;11069;14;14;
zyzxyzw;21652;1;1;
zz;246;2;0;4579;1;0;
zzalpha;824;11;11;
zzalphacom;824;3;0;
zzalphaâ;824;2;0;
zzhv;15414;1;0;
zzyzx;33863;277;0;
zzz;20635;28;28;
zzzerooverviewtreedeprecatedindexhelpframesno;32009;1;1;
zzzoomscrolloverviewtreedeprecatedindexhelpprev;13340;1;1;
zámecké;28076;1;1;
zéro;33863;531;0;
zúñiganud;25271;1;1;31657;1;1;
zúñigataken;25271;1;0;31657;1;0;
zürich;8770;1;0;12349;26;0;15043;6;0;15628;13;0;16304;68;0;16317;27;0;19664;295;0;19937;612;0;24065;128;0;25731;11;0;26288;13;0;28684;1;0;30770;5;0;36018;56;0;36410;2;0;
zł;17457;1;0;
